--- CAN1 Logging Start: 2026-02-21 03:26:55.808915 ---
(1771612015.809309) can1 0000296F [8] 00 17 00 00 00 00 35 00
(1771612015.829334) can1 0000296F [8] 00 17 00 00 00 00 35 00
(1771612015.849326) can1 0000296F [8] 00 17 00 00 00 00 35 00
(1771612015.869329) can1 0000296F [8] 00 17 FF FF 00 00 35 00
(1771612015.889346) can1 0000296F [8] 00 17 00 00 00 00 35 00
(1771612015.909308) can1 0000296F [8] 00 17 00 00 00 00 35 00
(1771612015.929351) can1 0000296F [8] 00 17 00 00 00 00 35 00
(1771612015.949309) can1 0000296F [8] 00 17 00 01 00 00 35 00
(1771612015.969314) can1 0000296F [8] 00 17 00 00 00 00 35 00
(1771612015.989310) can1 0000296F [8] 00 17 00 00 00 00 35 00
(1771612016.009323) can1 0000296F [8] 00 17 00 00 00 00 35 00
(1771612016.029324) can1 0000296F [8] 00 17 00 00 00 00 35 00
(1771612016.049333) can1 0000296F [8] 00 17 00 00 00 00 35 00
(1771612016.069320) can1 0000296F [8] 00 17 00 00 00 00 35 00
(1771612016.089331) can1 0000296F [8] 00 17 00 00 00 00 35 00
(1771612016.109331) can1 0000296F [8] 00 17 00 00 00 00 35 00
(1771612016.129318) can1 0000296F [8] 00 17 00 00 00 00 35 00
(1771612016.149331) can1 0000296F [8] 00 17 00 00 00 00 35 00
(1771612016.169330) can1 0000296F [8] 00 17 00 00 00 00 35 00
(1771612016.189322) can1 0000296F [8] 00 17 00 00 00 00 35 00
(1771612016.209340) can1 0000296F [8] 00 17 00 00 00 00 35 00
(1771612016.229320) can1 0000296F [8] 00 17 00 00 00 00 35 00
(1771612016.249266) can1 0000296F [8] 00 17 00 00 00 00 35 00
(1771612016.269324) can1 0000296F [8] 00 17 00 00 00 00 35 00
(1771612016.289315) can1 0000296F [8] 00 17 00 00 00 00 35 00
(1771612016.309263) can1 0000296F [8] 00 17 00 00 00 00 35 00
(1771612016.329315) can1 0000296F [8] 00 17 FF FF 00 00 35 00
(1771612016.349330) can1 0000296F [8] 00 17 00 00 00 00 35 00
(1771612016.369327) can1 0000296F [8] 00 17 00 00 00 00 35 00
(1771612016.389317) can1 0000296F [8] 00 17 00 00 00 00 35 00
(1771612016.409328) can1 0000296F [8] 00 17 00 00 00 00 35 00
(1771612016.429314) can1 0000296F [8] 00 17 00 00 00 00 35 00
(1771612016.449316) can1 0000296F [8] 00 17 00 00 00 00 35 00
(1771612016.469268) can1 0000296F [8] 00 17 00 00 00 00 35 00
(1771612016.489289) can1 0000296F [8] 00 17 00 00 00 00 35 00
(1771612016.509324) can1 0000296F [8] 00 17 00 00 00 00 35 00
(1771612016.529312) can1 0000296F [8] 00 17 00 00 00 00 35 00
(1771612016.549339) can1 0000296F [8] 00 17 00 00 00 00 35 00
(1771612016.569281) can1 0000296F [8] 00 17 00 00 00 00 35 00
(1771612016.589277) can1 0000296F [8] 00 17 00 00 00 00 35 00
(1771612016.609306) can1 0000296F [8] 00 17 00 00 00 00 35 00
(1771612016.629334) can1 0000296F [8] 00 17 00 00 00 00 35 00
(1771612016.649302) can1 0000296F [8] 00 17 00 00 00 00 35 00
(1771612016.669360) can1 0000296F [8] 00 17 00 00 00 00 35 00
(1771612016.689276) can1 0000296F [8] 00 17 00 00 00 00 35 00
(1771612016.709303) can1 0000296F [8] 00 17 00 00 00 00 35 00
(1771612016.729301) can1 0000296F [8] 00 17 00 00 00 00 35 00
(1771612016.749259) can1 0000296F [8] 00 17 00 00 00 00 35 00
(1771612016.769299) can1 0000296F [8] 00 17 00 00 00 00 35 00
(1771612016.773154) can1 00000000 [8] FF FF FF FF FF FF FF FC
(1771612016.773520) can1 00000000 [4] 00 00 00 00
(1771612016.774041) can1 00000000 [8] FF FF FF FF FF FF FF FC
(1771612016.774574) can1 00000000 [8] FF FF FF FF FF FF FF FC
(1771612016.775847) can1 00000000 [8] FF FF FF FF FF FF FF FC
(1771612016.776883) can1 00000000 [8] FF FF FF FF FF FF FF FC
(1771612016.777988) can1 00000000 [8] FF FF FF FF FF FF FF FC
(1771612016.779137) can1 00000000 [8] FF FF FF FF FF FF FF FC
(1771612016.780257) can1 00000000 [8] FF FF FF FF FF FF FF FC
(1771612016.781449) can1 00000000 [8] FF FF FF FF FF FF FF FC
(1771612016.782568) can1 00000000 [8] FF FF FF FF FF FF FF FC
(1771612016.783664) can1 00000000 [8] FF FF FF FF FF FF FF FC
(1771612016.789334) can1 0000296F [8] 00 17 00 00 00 00 35 00
(1771612016.809340) can1 0000296F [8] 00 17 00 01 00 00 35 00
(1771612016.829305) can1 0000296F [8] 00 17 00 00 00 00 35 00
(1771612016.849329) can1 0000296F [8] 00 17 00 00 00 00 35 00
(1771612016.869325) can1 0000296F [8] 00 17 00 00 00 00 35 00
(1771612016.889296) can1 0000296F [8] 00 17 00 00 00 00 35 00
(1771612016.909323) can1 0000296F [8] 00 17 00 00 00 00 35 00
(1771612016.929289) can1 0000296F [8] 00 17 00 00 00 00 35 00
(1771612016.949303) can1 0000296F [8] 00 17 FF FF 00 00 35 00
(1771612016.969297) can1 0000296F [8] 00 17 00 00 00 00 35 00
(1771612016.980418) can1 00000000 [4] 00 00 4E 20
(1771612016.989316) can1 0000296F [8] 00 17 00 00 00 00 35 00
(1771612016.989966) can1 00000000 [4] 00 00 4E 20
(1771612016.999918) can1 00000000 [4] 00 00 4E 20
(1771612017.009311) can1 0000296F [8] 00 17 00 00 00 00 35 00
(1771612017.009901) can1 00000000 [4] 00 00 4E 20
(1771612017.019974) can1 00000000 [4] 00 00 4E 20
(1771612017.029324) can1 0000296F [8] 00 17 00 00 00 00 35 00
(1771612017.029952) can1 00000000 [4] 00 00 4E 20
(1771612017.039917) can1 00000000 [4] 00 00 4E 20
(1771612017.049309) can1 0000296F [8] 00 17 00 00 00 00 35 00
(1771612017.049904) can1 00000000 [4] 00 00 4E 20
(1771612017.059886) can1 00000000 [4] 00 00 4E 20
(1771612017.069326) can1 0000296F [8] 00 17 00 00 00 00 35 00
(1771612017.069933) can1 00000000 [4] 00 00 4E 20
(1771612017.079945) can1 00000000 [4] 00 00 4E 20
(1771612017.089311) can1 0000296F [8] 00 17 00 00 00 00 35 00
(1771612017.089904) can1 00000000 [4] 00 00 4E 20
(1771612017.099994) can1 00000000 [4] 00 00 4E 20
(1771612017.109282) can1 0000296F [8] 00 17 00 00 00 00 35 00
(1771612017.109924) can1 00000000 [4] 00 00 4E 20
(1771612017.119892) can1 00000000 [4] 00 00 4E 20
(1771612017.129307) can1 0000296F [8] 00 17 00 00 00 00 35 00
(1771612017.129885) can1 00000000 [4] 00 00 4E 20
(1771612017.139876) can1 00000000 [4] 00 00 4E 20
(1771612017.149314) can1 0000296F [8] 00 17 00 00 00 00 35 00
(1771612017.149890) can1 00000000 [4] 00 00 4E 20
(1771612017.160193) can1 00000000 [4] 00 00 4E 20
(1771612017.169328) can1 0000296F [8] 00 17 FF FF 00 00 35 00
(1771612017.169949) can1 00000000 [4] 00 00 4E 20
(1771612017.179941) can1 00000000 [4] 00 00 4E 20
(1771612017.189252) can1 0000296F [8] 00 17 00 00 00 00 35 00
(1771612017.189921) can1 00000000 [4] 00 00 4E 20
(1771612017.199893) can1 00000000 [4] 00 00 4E 20
(1771612017.209254) can1 0000296F [8] 00 17 00 00 00 00 35 00
(1771612017.209908) can1 00000000 [4] 00 00 4E 20
(1771612017.219932) can1 00000000 [4] 00 00 4E 20
(1771612017.229316) can1 0000296F [8] 00 17 00 00 00 00 35 00
(1771612017.229910) can1 00000000 [4] 00 00 4E 20
(1771612017.239941) can1 00000000 [4] 00 00 4E 20
(1771612017.249304) can1 0000296F [8] 00 17 00 00 00 00 35 00
(1771612017.249902) can1 00000000 [4] 00 00 4E 20
(1771612017.259880) can1 00000000 [4] 00 00 4E 20
(1771612017.269309) can1 0000296F [8] 00 17 00 00 00 00 35 00
(1771612017.269850) can1 00000000 [4] 00 00 4E 20
(1771612017.279898) can1 00000000 [4] 00 00 4E 20
(1771612017.289313) can1 0000296F [8] 00 17 00 00 00 00 35 00
(1771612017.289924) can1 00000000 [4] 00 00 4E 20
(1771612017.299947) can1 00000000 [4] 00 00 4E 20
(1771612017.309314) can1 0000296F [8] 00 17 00 00 00 00 35 00
(1771612017.309924) can1 00000000 [4] 00 00 4E 20
(1771612017.319899) can1 00000000 [4] 00 00 4E 20
(1771612017.329316) can1 0000296F [8] 00 17 00 00 00 00 35 00
(1771612017.329912) can1 00000000 [4] 00 00 4E 20
(1771612017.339885) can1 00000000 [4] 00 00 4E 20
(1771612017.349305) can1 0000296F [8] 00 17 00 00 00 00 35 00
(1771612017.349835) can1 00000000 [4] 00 00 4E 20
(1771612017.359873) can1 00000000 [4] 00 00 4E 20
(1771612017.369312) can1 0000296F [8] 00 17 00 01 00 00 35 00
(1771612017.369917) can1 00000000 [4] 00 00 4E 20
(1771612017.379913) can1 00000000 [4] 00 00 4E 20
(1771612017.389288) can1 0000296F [8] 00 17 00 00 00 00 35 00
(1771612017.389910) can1 00000000 [4] 00 00 4E 20
(1771612017.399897) can1 00000000 [4] 00 00 4E 20
(1771612017.409283) can1 0000296F [8] 00 17 00 00 00 00 35 00
(1771612017.409925) can1 00000000 [4] 00 00 4E 20
(1771612017.419956) can1 00000000 [4] 00 00 4E 20
(1771612017.429276) can1 0000296F [8] 00 17 00 00 00 00 35 00
(1771612017.429918) can1 00000000 [4] 00 00 4E 20
(1771612017.440016) can1 00000000 [4] 00 00 4E 20
(1771612017.449271) can1 0000296F [8] 00 17 00 00 00 00 35 00
(1771612017.449902) can1 00000000 [4] 00 00 4E 20
(1771612017.459879) can1 00000000 [4] 00 00 4E 20
(1771612017.469306) can1 0000296F [8] 00 17 00 00 00 00 35 00
(1771612017.469911) can1 00000000 [4] 00 00 4E 20
(1771612017.479916) can1 00000000 [4] 00 00 4E 20
(1771612017.489288) can1 0000296F [8] 00 17 00 00 00 00 35 00
(1771612017.489908) can1 00000000 [4] 00 00 4E 20
(1771612017.499883) can1 00000000 [4] 00 00 4E 20
(1771612017.509255) can1 0000296F [8] 00 17 00 00 00 00 35 00
(1771612017.509932) can1 00000000 [4] 00 00 4E 20
(1771612017.519944) can1 00000000 [4] 00 00 4E 20
(1771612017.529310) can1 0000296F [8] 00 17 00 00 00 00 35 00
(1771612017.529901) can1 00000000 [4] 00 00 4E 20
(1771612017.539935) can1 00000000 [4] 00 00 4E 20
(1771612017.549288) can1 0000296F [8] 00 17 00 00 00 00 35 00
(1771612017.549966) can1 00000000 [4] 00 00 4E 20
(1771612017.560007) can1 00000000 [4] 00 00 4E 20
(1771612017.569268) can1 0000296F [8] 00 17 00 00 00 00 35 00
(1771612017.570209) can1 00000000 [4] 00 00 4E 20
(1771612017.579918) can1 00000000 [4] 00 00 4E 20
(1771612017.589278) can1 0000296F [8] 00 17 00 00 00 00 35 00
(1771612017.589921) can1 00000000 [4] 00 00 4E 20
(1771612017.599933) can1 00000000 [4] 00 00 4E 20
(1771612017.609269) can1 0000296F [8] 00 17 00 00 00 00 35 00
(1771612017.609947) can1 00000000 [4] 00 00 4E 20
(1771612017.619935) can1 00000000 [4] 00 00 4E 20
(1771612017.629278) can1 0000296F [8] 00 17 00 00 00 00 35 00
(1771612017.629919) can1 00000000 [4] 00 00 4E 20
(1771612017.639875) can1 00000000 [4] 00 00 4E 20
(1771612017.649307) can1 0000296F [8] 00 17 00 00 00 00 35 00
(1771612017.649885) can1 00000000 [4] 00 00 4E 20
(1771612017.659870) can1 00000000 [4] 00 00 4E 20
(1771612017.669286) can1 0000296F [8] 00 17 00 00 00 00 35 00
(1771612017.669945) can1 00000000 [4] 00 00 4E 20
(1771612017.679898) can1 00000000 [4] 00 00 4E 20
(1771612017.689316) can1 0000296F [8] 00 17 00 00 00 00 35 00
(1771612017.689905) can1 00000000 [4] 00 00 4E 20
(1771612017.699956) can1 00000000 [4] 00 00 4E 20
(1771612017.709313) can1 0000296F [8] 00 17 00 00 00 00 35 00
(1771612017.709883) can1 00000000 [4] 00 00 4E 20
(1771612017.719922) can1 00000000 [4] 00 00 4E 20
(1771612017.729271) can1 0000296F [8] 00 17 00 00 00 00 35 00
(1771612017.729869) can1 00000000 [4] 00 00 4E 20
(1771612017.739912) can1 00000000 [4] 00 00 4E 20
(1771612017.749244) can1 0000296F [8] 00 17 00 00 00 00 35 00
(1771612017.749897) can1 00000000 [4] 00 00 4E 20
(1771612017.759888) can1 00000000 [4] 00 00 4E 20
(1771612017.769306) can1 0000296F [8] 00 17 00 00 00 00 35 00
(1771612017.769897) can1 00000000 [4] 00 00 4E 20
(1771612017.779967) can1 00000000 [4] 00 00 4E 20
(1771612017.789309) can1 0000296F [8] 00 17 00 00 00 00 35 00
(1771612017.789910) can1 00000000 [4] 00 00 4E 20
(1771612017.799953) can1 00000000 [4] 00 00 4E 20
(1771612017.809309) can1 0000296F [8] 00 17 00 00 00 00 35 00
(1771612017.809886) can1 00000000 [4] 00 00 4E 20
(1771612017.819907) can1 00000000 [4] 00 00 4E 20
(1771612017.829310) can1 0000296F [8] 00 17 00 00 00 00 35 00
(1771612017.829912) can1 00000000 [4] 00 00 4E 20
(1771612017.839902) can1 00000000 [4] 00 00 4E 20
(1771612017.849285) can1 0000296F [8] 00 17 00 00 00 00 35 00
(1771612017.849903) can1 00000000 [4] 00 00 4E 20
(1771612017.859877) can1 00000000 [4] 00 00 4E 20
(1771612017.869300) can1 0000296F [8] 00 17 00 00 00 00 35 00
(1771612017.869854) can1 00000000 [4] 00 00 4E 20
(1771612017.879896) can1 00000000 [4] 00 00 4E 20
(1771612017.889269) can1 0000296F [8] 00 17 00 00 00 00 35 00
(1771612017.889887) can1 00000000 [4] 00 00 4E 20
(1771612017.899958) can1 00000000 [4] 00 00 4E 20
(1771612017.909308) can1 0000296F [8] 00 17 00 00 00 00 35 00
(1771612017.909843) can1 00000000 [4] 00 00 4E 20
(1771612017.919959) can1 00000000 [4] 00 00 4E 20
(1771612017.929309) can1 0000296F [8] 00 17 00 00 00 00 35 00
(1771612017.929921) can1 00000000 [4] 00 00 4E 20
(1771612017.939984) can1 00000000 [4] 00 00 4E 20
(1771612017.949234) can1 0000296F [8] 00 17 00 00 00 00 35 00
(1771612017.949922) can1 00000000 [4] 00 00 4E 20
(1771612017.959909) can1 00000000 [4] 00 00 4E 20
(1771612017.969297) can1 0000296F [8] 00 17 00 00 00 00 35 00
(1771612017.969899) can1 00000000 [4] 00 00 4E 20
(1771612017.979915) can1 00000000 [4] 00 00 4E 20
(1771612017.989311) can1 0000296F [8] 00 17 00 00 00 00 35 00
(1771612017.989910) can1 00000000 [4] 00 00 4E 20
(1771612017.999891) can1 00000000 [4] 00 00 4E 20
(1771612018.009297) can1 0000296F [8] 00 17 00 00 00 00 35 00
(1771612018.009865) can1 00000000 [4] 00 00 4E 20
(1771612018.019927) can1 00000000 [4] 00 00 4E 20
(1771612018.029306) can1 0000296F [8] 00 17 00 00 00 00 35 00
(1771612018.029913) can1 00000000 [4] 00 00 4E 20
(1771612018.039893) can1 00000000 [4] 00 00 4E 20
(1771612018.049299) can1 0000296F [8] 00 17 00 00 00 00 35 00
(1771612018.049865) can1 00000000 [4] 00 00 4E 20
(1771612018.059837) can1 00000000 [4] 00 00 4E 20
(1771612018.069297) can1 0000296F [8] 00 17 00 00 00 00 35 00
(1771612018.069865) can1 00000000 [4] 00 00 4E 20
(1771612018.079886) can1 00000000 [4] 00 00 4E 20
(1771612018.089277) can1 0000296F [8] 00 17 00 00 00 00 35 00
(1771612018.089961) can1 00000000 [4] 00 00 4E 20
(1771612018.099956) can1 00000000 [4] 00 00 4E 20
(1771612018.109296) can1 0000296F [8] 00 17 00 00 00 00 35 00
(1771612018.109873) can1 00000000 [4] 00 00 4E 20
(1771612018.119889) can1 00000000 [4] 00 00 4E 20
(1771612018.129301) can1 0000296F [8] 00 17 00 00 00 00 35 00
(1771612018.129859) can1 00000000 [4] 00 00 4E 20
(1771612018.139901) can1 00000000 [4] 00 00 4E 20
(1771612018.149297) can1 0000296F [8] 00 17 00 00 00 00 35 00
(1771612018.149871) can1 00000000 [4] 00 00 4E 20
(1771612018.159908) can1 00000000 [4] 00 00 4E 20
(1771612018.169251) can1 0000296F [8] 00 17 00 00 00 00 35 00
(1771612018.169942) can1 00000000 [4] 00 00 4E 20
(1771612018.179911) can1 00000000 [4] 00 00 4E 20
(1771612018.189275) can1 0000296F [8] 00 17 00 00 00 00 35 00
(1771612018.189943) can1 00000000 [4] 00 00 4E 20
(1771612018.199942) can1 00000000 [4] 00 00 4E 20
(1771612018.209295) can1 0000296F [8] 00 17 00 00 00 00 35 00
(1771612018.209872) can1 00000000 [4] 00 00 4E 20
(1771612018.219932) can1 00000000 [4] 00 00 4E 20
(1771612018.229306) can1 0000296F [8] 00 17 00 00 00 00 35 00
(1771612018.229913) can1 00000000 [4] 00 00 4E 20
(1771612018.239889) can1 00000000 [4] 00 00 4E 20
(1771612018.249309) can1 0000296F [8] 00 17 00 00 00 00 35 00
(1771612018.249886) can1 00000000 [4] 00 00 4E 20
(1771612018.259926) can1 00000000 [4] 00 00 4E 20
(1771612018.269296) can1 0000296F [8] 00 17 00 00 00 00 35 00
(1771612018.269876) can1 00000000 [4] 00 00 4E 20
(1771612018.279872) can1 00000000 [4] 00 00 4E 20
(1771612018.289294) can1 0000296F [8] 00 17 00 00 00 00 35 00
(1771612018.289855) can1 00000000 [4] 00 00 4E 20
(1771612018.299928) can1 00000000 [4] 00 00 4E 20
(1771612018.309307) can1 0000296F [8] 00 17 00 00 00 00 35 00
(1771612018.309887) can1 00000000 [4] 00 00 4E 20
(1771612018.319933) can1 00000000 [4] 00 00 4E 20
(1771612018.329304) can1 0000296F [8] 00 17 00 00 00 00 35 00
(1771612018.329914) can1 00000000 [4] 00 00 4E 20
(1771612018.339904) can1 00000000 [4] 00 00 4E 20
(1771612018.349308) can1 0000296F [8] 00 17 00 00 00 00 35 00
(1771612018.349882) can1 00000000 [4] 00 00 4E 20
(1771612018.359937) can1 00000000 [4] 00 00 4E 20
(1771612018.369293) can1 0000296F [8] 00 17 00 00 00 00 35 00
(1771612018.369888) can1 00000000 [4] 00 00 4E 20
(1771612018.379869) can1 00000000 [4] 00 00 4E 20
(1771612018.389293) can1 0000296F [8] 00 17 00 00 00 00 35 00
(1771612018.389858) can1 00000000 [4] 00 00 4E 20
(1771612018.399940) can1 00000000 [4] 00 00 4E 20
(1771612018.409311) can1 0000296F [8] 00 17 00 00 00 00 35 00
(1771612018.409958) can1 00000000 [4] 00 00 4E 20
(1771612018.419939) can1 00000000 [4] 00 00 4E 20
(1771612018.429310) can1 0000296F [8] 00 17 00 00 00 00 35 00
(1771612018.429895) can1 00000000 [4] 00 00 4E 20
(1771612018.439967) can1 00000000 [4] 00 00 4E 20
(1771612018.449268) can1 0000296F [8] 00 17 00 00 00 00 35 00
(1771612018.449880) can1 00000000 [4] 00 00 4E 20
(1771612018.459880) can1 00000000 [4] 00 00 4E 20
(1771612018.469289) can1 0000296F [8] 00 17 00 00 00 00 35 00
(1771612018.469879) can1 00000000 [4] 00 00 4E 20
(1771612018.479887) can1 00000000 [4] 00 00 4E 20
(1771612018.489292) can1 0000296F [8] 00 17 00 00 00 00 35 00
(1771612018.489867) can1 00000000 [4] 00 00 4E 20
(1771612018.499955) can1 00000000 [4] 00 00 4E 20
(1771612018.509308) can1 0000296F [8] 00 17 00 00 00 00 35 00
(1771612018.509926) can1 00000000 [4] 00 00 4E 20
(1771612018.519933) can1 00000000 [4] 00 00 4E 20
(1771612018.529304) can1 0000296F [8] 00 17 00 00 00 00 35 00
(1771612018.529887) can1 00000000 [4] 00 00 4E 20
(1771612018.539936) can1 00000000 [4] 00 00 4E 20
(1771612018.549304) can1 0000296F [8] 00 17 00 00 00 00 35 00
(1771612018.549937) can1 00000000 [4] 00 00 4E 20
(1771612018.559932) can1 00000000 [4] 00 00 4E 20
(1771612018.569367) can1 0000296F [8] 00 17 00 00 00 00 35 00
(1771612018.569981) can1 00000000 [4] 00 00 4E 20
(1771612018.579968) can1 00000000 [4] 00 00 4E 20
(1771612018.589285) can1 0000296F [8] 00 17 FF FF 00 00 35 00
(1771612018.589880) can1 00000000 [4] 00 00 4E 20
(1771612018.599901) can1 00000000 [4] 00 00 4E 20
(1771612018.609266) can1 0000296F [8] 00 17 00 00 00 00 35 00
(1771612018.609910) can1 00000000 [4] 00 00 4E 20
(1771612018.619906) can1 00000000 [4] 00 00 4E 20
(1771612018.629269) can1 0000296F [8] 00 17 00 00 00 00 35 00
(1771612018.629879) can1 00000000 [4] 00 00 4E 20
(1771612018.639948) can1 00000000 [4] 00 00 4E 20
(1771612018.649284) can1 0000296F [8] 00 17 00 00 00 00 35 00
(1771612018.649875) can1 00000000 [4] 00 00 4E 20
(1771612018.660023) can1 00000000 [4] 00 00 4E 20
(1771612018.669295) can1 0000296F [8] 00 17 00 00 00 00 35 00
(1771612018.669886) can1 00000000 [4] 00 00 4E 20
(1771612018.679895) can1 00000000 [4] 00 00 4E 20
(1771612018.689286) can1 0000296F [8] 00 17 00 00 00 00 35 00
(1771612018.689870) can1 00000000 [4] 00 00 4E 20
(1771612018.700200) can1 00000000 [4] 00 00 4E 20
(1771612018.709302) can1 0000296F [8] 00 17 00 00 00 00 35 00
(1771612018.709889) can1 00000000 [4] 00 00 4E 20
(1771612018.719939) can1 00000000 [4] 00 00 4E 20
(1771612018.729300) can1 0000296F [8] 00 17 00 00 00 00 35 00
(1771612018.729935) can1 00000000 [4] 00 00 4E 20
(1771612018.739951) can1 00000000 [4] 00 00 4E 20
(1771612018.749298) can1 0000296F [8] 00 17 00 00 00 00 35 00
(1771612018.749920) can1 00000000 [4] 00 00 4E 20
(1771612018.759952) can1 00000000 [4] 00 00 4E 20
(1771612018.769285) can1 0000296F [8] 00 17 00 00 00 00 35 00
(1771612018.769869) can1 00000000 [4] 00 00 4E 20
(1771612018.779890) can1 00000000 [4] 00 00 4E 20
(1771612018.789286) can1 0000296F [8] 00 17 00 00 00 00 35 00
(1771612018.789861) can1 00000000 [4] 00 00 4E 20
(1771612018.799940) can1 00000000 [4] 00 00 4E 20
(1771612018.809287) can1 0000296F [8] 00 17 00 00 00 00 35 00
(1771612018.809871) can1 00000000 [4] 00 00 4E 20
(1771612018.819942) can1 00000000 [4] 00 00 4E 20
(1771612018.829300) can1 0000296F [8] 00 17 00 00 00 00 35 00
(1771612018.829940) can1 00000000 [4] 00 00 4E 20
(1771612018.839987) can1 00000000 [4] 00 00 4E 20
(1771612018.849303) can1 0000296F [8] 00 17 00 00 00 00 35 00
(1771612018.849892) can1 00000000 [4] 00 00 4E 20
(1771612018.859934) can1 00000000 [4] 00 00 4E 20
(1771612018.869285) can1 0000296F [8] 00 17 00 00 00 00 35 00
(1771612018.869874) can1 00000000 [4] 00 00 4E 20
(1771612018.879878) can1 00000000 [4] 00 00 4E 20
(1771612018.889283) can1 0000296F [8] 00 17 00 00 00 00 35 00
(1771612018.889857) can1 00000000 [4] 00 00 4E 20
(1771612018.899954) can1 00000000 [4] 00 00 4E 20
(1771612018.909295) can1 0000296F [8] 00 17 00 00 00 00 35 00
(1771612018.909920) can1 00000000 [4] 00 00 4E 20
(1771612018.919953) can1 00000000 [4] 00 00 4E 20
(1771612018.929297) can1 0000296F [8] 00 17 00 00 00 00 35 00
(1771612018.929924) can1 00000000 [4] 00 00 4E 20
(1771612018.939928) can1 00000000 [4] 00 00 4E 20
(1771612018.949291) can1 0000296F [8] 00 17 00 00 00 00 35 00
(1771612018.949886) can1 00000000 [4] 00 00 4E 20
(1771612018.959921) can1 00000000 [4] 00 00 4E 20
(1771612018.969285) can1 0000296F [8] 00 17 00 00 00 00 35 00
(1771612018.969867) can1 00000000 [4] 00 00 4E 20
(1771612018.979891) can1 00000000 [4] 00 00 4E 20
(1771612018.989286) can1 0000296F [8] 00 17 00 00 00 00 35 00
(1771612018.989899) can1 00000000 [4] 00 00 4E 20
(1771612018.999907) can1 00000000 [4] 00 00 4E 20
(1771612019.009301) can1 0000296F [8] 00 17 FF FF 00 00 35 00
(1771612019.009931) can1 00000000 [4] 00 00 4E 20
(1771612019.019915) can1 00000000 [4] 00 00 4E 20
(1771612019.029284) can1 0000296F [8] 00 17 00 00 00 00 35 00
(1771612019.029927) can1 00000000 [4] 00 00 4E 20
(1771612019.039882) can1 00000000 [4] 00 00 4E 20
(1771612019.049297) can1 0000296F [8] 00 17 00 00 00 00 35 00
(1771612019.049923) can1 00000000 [4] 00 00 4E 20
(1771612019.059922) can1 00000000 [4] 00 00 4E 20
(1771612019.069284) can1 0000296F [8] 00 17 00 00 00 00 35 00
(1771612019.069868) can1 00000000 [4] 00 00 4E 20
(1771612019.079927) can1 00000000 [4] 00 00 4E 20
(1771612019.089282) can1 0000296F [8] 00 17 FF FF 00 00 35 00
(1771612019.089869) can1 00000000 [4] 00 00 4E 20
(1771612019.099870) can1 00000000 [4] 00 00 4E 20
(1771612019.109293) can1 0000296F [8] 00 17 00 00 00 00 35 00
(1771612019.109906) can1 00000000 [4] 00 00 4E 20
(1771612019.119874) can1 00000000 [4] 00 00 4E 20
(1771612019.129295) can1 0000296F [8] 00 17 00 00 00 00 35 00
(1771612019.129884) can1 00000000 [4] 00 00 4E 20
(1771612019.139919) can1 00000000 [4] 00 00 4E 20
(1771612019.149291) can1 0000296F [8] 00 17 00 00 00 00 35 00
(1771612019.149919) can1 00000000 [4] 00 00 4E 20
(1771612019.159886) can1 00000000 [4] 00 00 4E 20
(1771612019.169305) can1 0000296F [8] 00 17 00 00 00 00 35 00
(1771612019.169895) can1 00000000 [4] 00 00 4E 20
(1771612019.179886) can1 00000000 [4] 00 00 4E 20
(1771612019.189286) can1 0000296F [8] 00 17 00 00 00 00 35 00
(1771612019.189902) can1 00000000 [4] 00 00 4E 20
(1771612019.199923) can1 00000000 [4] 00 00 4E 20
(1771612019.209284) can1 0000296F [8] 00 17 00 00 00 00 35 00
(1771612019.209874) can1 00000000 [4] 00 00 4E 20
(1771612019.219941) can1 00000000 [4] 00 00 4E 20
(1771612019.229343) can1 0000296F [8] 00 17 00 00 00 00 35 00
(1771612019.229915) can1 00000000 [4] 00 00 4E 20
(1771612019.239920) can1 00000000 [4] 00 00 4E 20
(1771612019.249287) can1 0000296F [8] 00 17 00 00 00 00 35 00
(1771612019.249898) can1 00000000 [4] 00 00 4E 20
(1771612019.259937) can1 00000000 [4] 00 00 4E 20
(1771612019.269288) can1 0000296F [8] 00 17 00 00 00 00 35 00
(1771612019.269913) can1 00000000 [4] 00 00 4E 20
(1771612019.279949) can1 00000000 [4] 00 00 4E 20
(1771612019.289289) can1 0000296F [8] 00 17 00 00 00 00 35 00
(1771612019.289901) can1 00000000 [4] 00 00 4E 20
(1771612019.299890) can1 00000000 [4] 00 00 4E 20
(1771612019.309287) can1 0000296F [8] 00 17 00 00 00 00 35 00
(1771612019.309891) can1 00000000 [4] 00 00 4E 20
(1771612019.319945) can1 00000000 [4] 00 00 4E 20
(1771612019.329294) can1 0000296F [8] 00 17 00 00 00 00 35 00
(1771612019.329919) can1 00000000 [4] 00 00 4E 20
(1771612019.339932) can1 00000000 [4] 00 00 4E 20
(1771612019.349289) can1 0000296F [8] 00 17 00 00 00 00 35 00
(1771612019.349910) can1 00000000 [4] 00 00 4E 20
(1771612019.359928) can1 00000000 [4] 00 00 4E 20
(1771612019.369297) can1 0000296F [8] 00 17 00 00 00 00 35 00
(1771612019.369908) can1 00000000 [4] 00 00 4E 20
(1771612019.379932) can1 00000000 [4] 00 00 4E 20
(1771612019.389283) can1 0000296F [8] 00 17 00 00 00 00 35 00
(1771612019.389899) can1 00000000 [4] 00 00 4E 20
(1771612019.399896) can1 00000000 [4] 00 00 4E 20
(1771612019.409343) can1 0000296F [8] 00 17 00 00 00 00 35 00
(1771612019.409902) can1 00000000 [4] 00 00 4E 20
(1771612019.419936) can1 00000000 [4] 00 00 4E 20
(1771612019.429300) can1 0000296F [8] 00 17 00 00 00 00 35 00
(1771612019.429917) can1 00000000 [4] 00 00 4E 20
(1771612019.439953) can1 00000000 [4] 00 00 4E 20
(1771612019.449298) can1 0000296F [8] 00 17 00 00 00 00 35 00
(1771612019.449912) can1 00000000 [4] 00 00 4E 20
(1771612019.459898) can1 00000000 [4] 00 00 4E 20
(1771612019.469292) can1 0000296F [8] 00 17 00 00 00 00 35 00
(1771612019.469916) can1 00000000 [4] 00 00 4E 20
(1771612019.479930) can1 00000000 [4] 00 00 4E 20
(1771612019.489286) can1 0000296F [8] 00 17 00 00 00 00 35 00
(1771612019.489899) can1 00000000 [4] 00 00 4E 20
(1771612019.499895) can1 00000000 [4] 00 00 4E 20
(1771612019.509289) can1 0000296F [8] 00 17 00 00 00 00 35 00
(1771612019.509891) can1 00000000 [4] 00 00 4E 20
(1771612019.519931) can1 00000000 [4] 00 00 4E 20
(1771612019.529287) can1 0000296F [8] 00 17 00 00 00 00 35 00
(1771612019.529897) can1 00000000 [4] 00 00 4E 20
(1771612019.539934) can1 00000000 [4] 00 00 4E 20
(1771612019.549286) can1 0000296F [8] 00 17 00 00 00 00 35 00
(1771612019.549942) can1 00000000 [4] 00 00 4E 20
(1771612019.559913) can1 00000000 [4] 00 00 4E 20
(1771612019.569292) can1 0000296F [8] 00 17 00 00 00 00 35 00
(1771612019.569905) can1 00000000 [4] 00 00 4E 20
(1771612019.579940) can1 00000000 [4] 00 00 4E 20
(1771612019.589285) can1 0000296F [8] 00 17 00 00 00 00 35 00
(1771612019.589872) can1 00000000 [4] 00 00 4E 20
(1771612019.599895) can1 00000000 [4] 00 00 4E 20
(1771612019.609290) can1 0000296F [8] 00 17 00 00 00 00 35 00
(1771612019.609908) can1 00000000 [4] 00 00 4E 20
(1771612019.619913) can1 00000000 [4] 00 00 4E 20
(1771612019.629289) can1 0000296F [8] 00 17 00 00 00 00 35 00
(1771612019.629920) can1 00000000 [4] 00 00 4E 20
(1771612019.639943) can1 00000000 [4] 00 00 4E 20
(1771612019.649291) can1 0000296F [8] 00 17 00 00 00 00 35 00
(1771612019.649916) can1 00000000 [4] 00 00 4E 20
(1771612019.659904) can1 00000000 [4] 00 00 4E 20
(1771612019.669289) can1 0000296F [8] 00 17 00 00 00 00 35 00
(1771612019.669910) can1 00000000 [4] 00 00 4E 20
(1771612019.679979) can1 00000000 [4] 00 00 4E 20
(1771612019.689219) can1 0000296F [8] 00 17 00 00 00 00 35 00
(1771612019.689921) can1 00000000 [4] 00 00 4E 20
(1771612019.699908) can1 00000000 [4] 00 00 4E 20
(1771612019.709288) can1 0000296F [8] 00 17 00 00 00 00 35 00
(1771612019.709911) can1 00000000 [4] 00 00 4E 20
(1771612019.719929) can1 00000000 [4] 00 00 4E 20
(1771612019.729285) can1 0000296F [8] 00 17 00 00 00 00 35 00
(1771612019.729905) can1 00000000 [4] 00 00 4E 20
(1771612019.739966) can1 00000000 [4] 00 00 4E 20
(1771612019.749291) can1 0000296F [8] 00 17 00 00 00 00 35 00
(1771612019.749917) can1 00000000 [4] 00 00 4E 20
(1771612019.759947) can1 00000000 [4] 00 00 4E 20
(1771612019.769285) can1 0000296F [8] 00 17 00 00 00 00 35 00
(1771612019.769919) can1 00000000 [4] 00 00 4E 20
(1771612019.779926) can1 00000000 [4] 00 00 4E 20
(1771612019.789258) can1 0000296F [8] 00 17 00 00 00 00 35 00
(1771612019.789891) can1 00000000 [4] 00 00 4E 20
(1771612019.799871) can1 00000000 [4] 00 00 4E 20
(1771612019.809284) can1 0000296F [8] 00 17 00 00 00 00 35 00
(1771612019.809858) can1 00000000 [4] 00 00 4E 20
(1771612019.819882) can1 00000000 [4] 00 00 4E 20
(1771612019.829255) can1 0000296F [8] 00 17 00 00 00 00 35 00
(1771612019.829893) can1 00000000 [4] 00 00 4E 20
(1771612019.839941) can1 00000000 [4] 00 00 4E 20
(1771612019.849262) can1 0000296F [8] 00 17 00 00 00 00 35 00
(1771612019.849919) can1 00000000 [4] 00 00 4E 20
(1771612019.859821) can1 00000000 [4] 00 00 4E 20
(1771612019.869291) can1 0000296F [8] 00 17 00 00 00 00 35 00
(1771612019.869908) can1 00000000 [4] 00 00 4E 20
(1771612019.879961) can1 00000000 [4] 00 00 4E 20
(1771612019.889275) can1 0000296F [8] 00 17 00 00 00 00 35 00
(1771612019.889903) can1 00000000 [4] 00 00 4E 20
(1771612019.899923) can1 00000000 [4] 00 00 4E 20
(1771612019.909281) can1 0000296F [8] 00 17 00 00 00 00 35 00
(1771612019.909887) can1 00000000 [4] 00 00 4E 20
(1771612019.919908) can1 00000000 [4] 00 00 4E 20
(1771612019.929275) can1 0000296F [8] 00 17 00 00 00 00 35 00
(1771612019.929901) can1 00000000 [4] 00 00 4E 20
(1771612019.939905) can1 00000000 [4] 00 00 4E 20
(1771612019.949290) can1 0000296F [8] 00 17 00 00 00 00 35 00
(1771612019.949943) can1 00000000 [4] 00 00 4E 20
(1771612019.959930) can1 00000000 [4] 00 00 4E 20
(1771612019.969286) can1 0000296F [8] 00 17 00 00 00 00 35 00
(1771612019.969916) can1 00000000 [4] 00 00 4E 20
(1771612019.979908) can1 00000000 [4] 00 00 4E 20
(1771612019.989270) can1 0000296F [8] 00 17 00 00 00 00 35 00
(1771612019.989880) can1 00000000 [4] 00 00 4E 20
(1771612019.999866) can1 00000000 [4] 00 00 4E 20
(1771612020.009212) can1 0000296F [8] 00 17 00 00 00 00 35 00
(1771612020.009879) can1 00000000 [4] 00 00 4E 20
(1771612020.019900) can1 00000000 [4] 00 00 4E 20
(1771612020.029279) can1 0000296F [8] 00 17 00 00 00 00 35 00
(1771612020.029843) can1 00000000 [4] 00 00 4E 20
(1771612020.039898) can1 00000000 [4] 00 00 4E 20
(1771612020.049290) can1 0000296F [8] 00 17 00 00 00 00 35 00
(1771612020.049974) can1 00000000 [4] 00 00 4E 20
(1771612020.059948) can1 00000000 [4] 00 00 4E 20
(1771612020.069293) can1 0000296F [8] 00 17 00 00 00 00 35 00
(1771612020.069922) can1 00000000 [4] 00 00 4E 20
(1771612020.079892) can1 00000000 [4] 00 00 4E 20
(1771612020.089209) can1 0000296F [8] 00 17 00 00 00 00 35 00
(1771612020.089880) can1 00000000 [4] 00 00 4E 20
(1771612020.099942) can1 00000000 [4] 00 00 4E 20
(1771612020.109273) can1 0000296F [8] 00 17 00 00 00 00 35 00
(1771612020.109894) can1 00000000 [4] 00 00 4E 20
(1771612020.119876) can1 00000000 [4] 00 00 4E 20
(1771612020.129207) can1 0000296F [8] 00 17 00 00 00 00 35 00
(1771612020.129871) can1 00000000 [4] 00 00 4E 20
(1771612020.139950) can1 00000000 [4] 00 00 4E 20
(1771612020.149279) can1 0000296F [8] 00 17 00 00 00 00 35 00
(1771612020.149854) can1 00000000 [4] 00 00 4E 20
(1771612020.159932) can1 00000000 [4] 00 00 4E 20
(1771612020.169208) can1 0000296F [8] 00 17 00 00 00 00 35 00
(1771612020.169888) can1 00000000 [4] 00 00 4E 20
(1771612020.179936) can1 00000000 [4] 00 00 4E 20
(1771612020.189280) can1 0000296F [8] 00 17 00 00 00 00 35 00
(1771612020.189918) can1 00000000 [4] 00 00 4E 20
(1771612020.199930) can1 00000000 [4] 00 00 4E 20
(1771612020.209275) can1 0000296F [8] 00 17 00 00 00 00 35 00
(1771612020.209861) can1 00000000 [4] 00 00 4E 20
(1771612020.219881) can1 00000000 [4] 00 00 4E 20
(1771612020.229238) can1 0000296F [8] 00 17 00 00 00 00 35 00
(1771612020.229870) can1 00000000 [4] 00 00 4E 20
(1771612020.239944) can1 00000000 [4] 00 00 4E 20
(1771612020.249280) can1 0000296F [8] 00 17 00 00 00 00 35 00
(1771612020.249862) can1 00000000 [4] 00 00 4E 20
(1771612020.259935) can1 00000000 [4] 00 00 4E 20
(1771612020.269280) can1 0000296F [8] 00 17 00 00 00 00 35 00
(1771612020.269908) can1 00000000 [4] 00 00 4E 20
(1771612020.279954) can1 00000000 [4] 00 00 4E 20
(1771612020.289277) can1 0000296F [8] 00 17 00 00 00 00 35 00
(1771612020.289842) can1 00000000 [4] 00 00 4E 20
(1771612020.299959) can1 00000000 [4] 00 00 4E 20
(1771612020.309284) can1 0000296F [8] 00 17 00 00 00 00 35 00
(1771612020.309882) can1 00000000 [4] 00 00 4E 20
(1771612020.319865) can1 00000000 [4] 00 00 4E 20
(1771612020.329279) can1 0000296F [8] 00 17 00 00 00 00 35 00
(1771612020.329881) can1 00000000 [4] 00 00 4E 20
(1771612020.339978) can1 00000000 [4] 00 00 4E 20
(1771612020.349254) can1 0000296F [8] 00 17 00 00 00 00 35 00
(1771612020.349946) can1 00000000 [4] 00 00 4E 20
(1771612020.359948) can1 00000000 [4] 00 00 4E 20
(1771612020.369282) can1 0000296F [8] 00 17 00 00 00 00 35 00
(1771612020.369916) can1 00000000 [4] 00 00 4E 20
(1771612020.379949) can1 00000000 [4] 00 00 4E 20
(1771612020.389277) can1 0000296F [8] 00 17 00 00 00 00 35 00
(1771612020.389860) can1 00000000 [4] 00 00 4E 20
(1771612020.399946) can1 00000000 [4] 00 00 4E 20
(1771612020.409279) can1 0000296F [8] 00 17 00 00 00 00 35 00
(1771612020.409860) can1 00000000 [4] 00 00 4E 20
(1771612020.419893) can1 00000000 [4] 00 00 4E 20
(1771612020.429275) can1 0000296F [8] 00 17 00 00 00 00 35 00
(1771612020.429882) can1 00000000 [4] 00 00 4E 20
(1771612020.439906) can1 00000000 [4] 00 00 4E 20
(1771612020.449277) can1 0000296F [8] 00 17 00 00 00 00 35 00
(1771612020.449892) can1 00000000 [4] 00 00 4E 20
(1771612020.459969) can1 00000000 [4] 00 00 4E 20
(1771612020.469284) can1 0000296F [8] 00 17 00 00 00 00 35 00
(1771612020.469887) can1 00000000 [4] 00 00 4E 20
(1771612020.479958) can1 00000000 [4] 00 00 4E 20
(1771612020.489276) can1 0000296F [8] 00 17 00 00 00 00 35 00
(1771612020.489917) can1 00000000 [4] 00 00 4E 20
(1771612020.499933) can1 00000000 [4] 00 00 4E 20
(1771612020.509279) can1 0000296F [8] 00 17 00 00 00 00 35 00
(1771612020.509911) can1 00000000 [4] 00 00 4E 20
(1771612020.519889) can1 00000000 [4] 00 00 4E 20
(1771612020.529274) can1 0000296F [8] 00 17 00 00 00 00 35 00
(1771612020.529876) can1 00000000 [4] 00 00 4E 20
(1771612020.539876) can1 00000000 [4] 00 00 4E 20
(1771612020.549279) can1 0000296F [8] 00 17 00 00 00 00 35 00
(1771612020.549922) can1 00000000 [4] 00 00 4E 20
(1771612020.559946) can1 00000000 [4] 00 00 4E 20
(1771612020.569272) can1 0000296F [8] 00 17 00 00 00 00 35 00
(1771612020.569893) can1 00000000 [4] 00 00 4E 20
(1771612020.579933) can1 00000000 [4] 00 00 4E 20
(1771612020.589273) can1 0000296F [8] 00 17 00 00 00 00 35 00
(1771612020.589889) can1 00000000 [4] 00 00 4E 20
(1771612020.599930) can1 00000000 [4] 00 00 4E 20
(1771612020.609273) can1 0000296F [8] 00 17 00 00 00 00 35 00
(1771612020.609889) can1 00000000 [4] 00 00 4E 20
(1771612020.619885) can1 00000000 [4] 00 00 4E 20
(1771612020.629273) can1 0000296F [8] 00 17 00 00 00 00 35 00
(1771612020.629933) can1 00000000 [4] 00 00 4E 20
(1771612020.639957) can1 00000000 [4] 00 00 4E 20
(1771612020.649274) can1 0000296F [8] 00 17 00 00 00 00 35 00
(1771612020.649896) can1 00000000 [4] 00 00 4E 20
(1771612020.659941) can1 00000000 [4] 00 00 4E 20
(1771612020.669274) can1 0000296F [8] 00 17 00 00 00 00 35 00
(1771612020.669895) can1 00000000 [4] 00 00 4E 20
(1771612020.679970) can1 00000000 [4] 00 00 4E 20
(1771612020.689237) can1 0000296F [8] 00 17 00 00 00 00 35 00
(1771612020.689910) can1 00000000 [4] 00 00 4E 20
(1771612020.699965) can1 00000000 [4] 00 00 4E 20
(1771612020.709247) can1 0000296F [8] 00 17 00 00 00 00 35 00
(1771612020.709940) can1 00000000 [4] 00 00 4E 20
(1771612020.719862) can1 00000000 [4] 00 00 4E 20
(1771612020.729271) can1 0000296F [8] 00 17 00 00 00 00 35 00
(1771612020.729891) can1 00000000 [4] 00 00 4E 20
(1771612020.739866) can1 00000000 [4] 00 00 4E 20
(1771612020.749274) can1 0000296F [8] 00 17 00 00 00 00 35 00
(1771612020.749902) can1 00000000 [4] 00 00 4E 20
(1771612020.759969) can1 00000000 [4] 00 00 4E 20
(1771612020.769280) can1 0000296F [8] 00 17 00 00 00 00 35 00
(1771612020.769940) can1 00000000 [4] 00 00 4E 20
(1771612020.780000) can1 00000000 [4] 00 00 4E 20
(1771612020.789297) can1 0000296F [8] 00 17 00 00 00 00 35 00
(1771612020.790050) can1 00000000 [4] 00 00 4E 20
(1771612020.799946) can1 00000000 [4] 00 00 4E 20
(1771612020.809212) can1 0000296F [8] 00 17 FF FF 00 00 35 00
(1771612020.809937) can1 00000000 [4] 00 00 4E 20
(1771612020.819897) can1 00000000 [4] 00 00 4E 20
(1771612020.829208) can1 0000296F [8] 00 17 FF FF 00 00 35 00
(1771612020.829948) can1 00000000 [4] 00 00 4E 20
(1771612020.839988) can1 00000000 [4] 00 00 4E 20
(1771612020.849289) can1 0000296F [8] 00 17 00 00 00 00 35 00
(1771612020.849991) can1 00000000 [4] 00 00 4E 20
(1771612020.860027) can1 00000000 [4] 00 00 4E 20
(1771612020.869301) can1 0000296F [8] 00 17 00 00 00 00 35 00
(1771612020.870066) can1 00000000 [4] 00 00 4E 20
(1771612020.879891) can1 00000000 [4] 00 00 4E 20
(1771612020.889300) can1 0000296F [8] 00 17 00 00 00 00 35 00
(1771612020.890063) can1 00000000 [4] 00 00 4E 20
(1771612020.900012) can1 00000000 [4] 00 00 4E 20
(1771612020.909311) can1 0000296F [8] 00 17 00 00 00 00 35 00
(1771612020.909990) can1 00000000 [4] 00 00 4E 20
(1771612020.919958) can1 00000000 [4] 00 00 4E 20
(1771612020.929291) can1 0000296F [8] 00 17 00 00 00 00 35 00
(1771612020.929971) can1 00000000 [4] 00 00 4E 20
(1771612020.940015) can1 00000000 [4] 00 00 4E 20
(1771612020.949287) can1 0000296F [8] 00 17 00 01 00 00 35 00
(1771612020.949966) can1 00000000 [4] 00 00 4E 20
(1771612020.959991) can1 00000000 [4] 00 00 4E 20
(1771612020.969299) can1 0000296F [8] 00 17 00 00 00 00 35 00
(1771612020.970022) can1 00000000 [4] 00 00 4E 20
(1771612020.980014) can1 00000000 [4] 00 00 4E 20
(1771612020.989289) can1 0000296F [8] 00 17 00 00 00 00 35 00
(1771612020.990045) can1 00000000 [4] 00 00 4E 20
(1771612021.000002) can1 00000000 [4] 00 00 4E 20
(1771612021.009296) can1 0000296F [8] 00 17 00 00 00 00 35 00
(1771612021.010037) can1 00000000 [4] 00 00 4E 20
(1771612021.019944) can1 00000000 [4] 00 00 4E 20
(1771612021.029283) can1 0000296F [8] 00 17 00 00 00 00 35 00
(1771612021.029938) can1 00000000 [4] 00 00 4E 20
(1771612021.039929) can1 00000000 [4] 00 00 4E 20
(1771612021.049290) can1 0000296F [8] 00 17 00 00 00 00 35 00
(1771612021.049967) can1 00000000 [4] 00 00 4E 20
(1771612021.059953) can1 00000000 [4] 00 00 4E 20
(1771612021.069299) can1 0000296F [8] 00 17 00 00 00 00 35 00
(1771612021.069980) can1 00000000 [4] 00 00 4E 20
(1771612021.079966) can1 00000000 [4] 00 00 4E 20
(1771612021.089297) can1 0000296F [8] 00 17 00 01 00 00 35 00
(1771612021.090036) can1 00000000 [4] 00 00 4E 20
(1771612021.099935) can1 00000000 [4] 00 00 4E 20
(1771612021.109290) can1 0000296F [8] 00 17 00 00 00 00 35 00
(1771612021.109995) can1 00000000 [4] 00 00 4E 20
(1771612021.119938) can1 00000000 [4] 00 00 4E 20
(1771612021.129279) can1 0000296F [8] 00 17 00 00 00 00 35 00
(1771612021.129930) can1 00000000 [4] 00 00 4E 20
(1771612021.139920) can1 00000000 [4] 00 00 4E 20
(1771612021.149297) can1 0000296F [8] 00 17 00 00 00 00 35 00
(1771612021.150011) can1 00000000 [4] 00 00 4E 20
(1771612021.159935) can1 00000000 [4] 00 00 4E 20
(1771612021.169290) can1 0000296F [8] 00 17 00 00 00 00 35 00
(1771612021.169939) can1 00000000 [4] 00 00 4E 20
(1771612021.179984) can1 00000000 [4] 00 00 4E 20
(1771612021.189262) can1 0000296F [8] 00 17 00 00 00 00 35 00
(1771612021.190066) can1 00000000 [4] 00 00 4E 20
(1771612021.200012) can1 00000000 [4] 00 00 4E 20
(1771612021.209287) can1 0000296F [8] 00 17 00 00 00 00 35 00
(1771612021.209949) can1 00000000 [4] 00 00 4E 20
(1771612021.219986) can1 00000000 [4] 00 00 4E 20
(1771612021.229301) can1 0000296F [8] 00 17 00 00 00 00 35 00
(1771612021.229977) can1 00000000 [4] 00 00 4E 20
(1771612021.239940) can1 00000000 [4] 00 00 4E 20
(1771612021.249289) can1 0000296F [8] 00 17 00 00 00 00 35 00
(1771612021.249958) can1 00000000 [4] 00 00 4E 20
(1771612021.259962) can1 00000000 [4] 00 00 4E 20
(1771612021.269299) can1 0000296F [8] 00 17 00 00 00 00 35 00
(1771612021.269912) can1 00000000 [4] 00 00 4E 20
(1771612021.279996) can1 00000000 [4] 00 00 4E 20
(1771612021.289240) can1 0000296F [8] 00 17 00 00 00 00 35 00
(1771612021.289948) can1 00000000 [4] 00 00 4E 20
(1771612021.300011) can1 00000000 [4] 00 00 4E 20
(1771612021.309285) can1 0000296F [8] 00 17 00 00 00 00 35 00
(1771612021.309946) can1 00000000 [4] 00 00 4E 20
(1771612021.319987) can1 00000000 [4] 00 00 4E 20
(1771612021.329288) can1 0000296F [8] 00 17 00 00 00 00 35 00
(1771612021.329937) can1 00000000 [4] 00 00 4E 20
(1771612021.339929) can1 00000000 [4] 00 00 4E 20
(1771612021.349207) can1 0000296F [8] 00 17 00 00 00 00 35 00
(1771612021.349931) can1 00000000 [4] 00 00 4E 20
(1771612021.360041) can1 00000000 [4] 00 00 4E 20
(1771612021.369289) can1 0000296F [8] 00 17 00 00 00 00 35 00
(1771612021.369976) can1 00000000 [4] 00 00 4E 20
(1771612021.379962) can1 00000000 [4] 00 00 4E 20
(1771612021.389302) can1 0000296F [8] 00 17 00 00 00 00 35 00
(1771612021.389985) can1 00000000 [4] 00 00 4E 20
(1771612021.400052) can1 00000000 [4] 00 00 4E 20
(1771612021.409212) can1 0000296F [8] 00 17 00 01 00 00 35 00
(1771612021.409971) can1 00000000 [4] 00 00 4E 20
(1771612021.420012) can1 00000000 [4] 00 00 4E 20
(1771612021.429286) can1 0000296F [8] 00 17 00 00 00 00 35 00
(1771612021.429947) can1 00000000 [4] 00 00 4E 20
(1771612021.439930) can1 00000000 [4] 00 00 4E 20
(1771612021.449282) can1 0000296F [8] 00 17 00 00 00 00 35 00
(1771612021.449923) can1 00000000 [4] 00 00 4E 20
(1771612021.459925) can1 00000000 [4] 00 00 4E 20
(1771612021.469287) can1 0000296F [8] 00 17 00 00 00 00 35 00
(1771612021.469949) can1 00000000 [4] 00 00 4E 20
(1771612021.480031) can1 00000000 [4] 00 00 4E 20
(1771612021.489254) can1 0000296F [8] 00 17 00 00 00 00 35 00
(1771612021.489983) can1 00000000 [4] 00 00 4E 20
(1771612021.500022) can1 00000000 [4] 00 00 4E 20
(1771612021.509285) can1 0000296F [8] 00 17 00 00 00 00 35 00
(1771612021.509968) can1 00000000 [4] 00 00 4E 20
(1771612021.519942) can1 00000000 [4] 00 00 4E 20
(1771612021.529285) can1 0000296F [8] 00 17 00 00 00 00 35 00
(1771612021.529942) can1 00000000 [4] 00 00 4E 20
(1771612021.540002) can1 00000000 [4] 00 00 4E 20
(1771612021.549278) can1 0000296F [8] 00 17 00 00 00 00 35 00
(1771612021.549985) can1 00000000 [4] 00 00 4E 20
(1771612021.559925) can1 00000000 [4] 00 00 4E 20
(1771612021.569280) can1 0000296F [8] 00 17 00 00 00 00 35 00
(1771612021.570109) can1 00000000 [4] 00 00 4E 20
(1771612021.579959) can1 00000000 [4] 00 00 4E 20
(1771612021.589282) can1 0000296F [8] 00 17 00 00 00 00 35 00
(1771612021.589995) can1 00000000 [4] 00 00 4E 20
(1771612021.599945) can1 00000000 [4] 00 00 4E 20
(1771612021.609277) can1 0000296F [8] 00 17 00 00 00 00 35 00
(1771612021.609915) can1 00000000 [4] 00 00 4E 20
(1771612021.620057) can1 00000000 [4] 00 00 4E 20
(1771612021.629271) can1 0000296F [8] 00 17 00 00 00 00 35 00
(1771612021.629955) can1 00000000 [4] 00 00 4E 20
(1771612021.639983) can1 00000000 [4] 00 00 4E 20
(1771612021.649273) can1 0000296F [8] 00 17 00 00 00 00 35 00
(1771612021.649939) can1 00000000 [4] 00 00 4E 20
(1771612021.659886) can1 00000000 [4] 00 00 4E 20
(1771612021.669270) can1 0000296F [8] 00 17 00 00 00 00 35 00
(1771612021.669924) can1 00000000 [4] 00 00 4E 20
(1771612021.679946) can1 00000000 [4] 00 00 4E 20
(1771612021.689290) can1 0000296F [8] 00 17 00 00 00 00 35 00
(1771612021.689939) can1 00000000 [4] 00 00 4E 20
(1771612021.699968) can1 00000000 [4] 00 00 4E 20
(1771612021.709275) can1 0000296F [8] 00 17 00 00 00 00 35 00
(1771612021.709974) can1 00000000 [4] 00 00 4E 20
(1771612021.719905) can1 00000000 [4] 00 00 4E 20
(1771612021.729254) can1 0000296F [8] 00 17 00 00 00 00 35 00
(1771612021.730158) can1 00000000 [4] 00 00 4E 20
(1771612021.739994) can1 00000000 [4] 00 00 4E 20
(1771612021.749274) can1 0000296F [8] 00 17 00 00 00 00 35 00
(1771612021.749962) can1 00000000 [4] 00 00 4E 20
(1771612021.759975) can1 00000000 [4] 00 00 4E 20
(1771612021.769279) can1 0000296F [8] 00 17 00 00 00 00 35 00
(1771612021.769989) can1 00000000 [4] 00 00 4E 20
(1771612021.780043) can1 00000000 [4] 00 00 4E 20
(1771612021.789279) can1 0000296F [8] 00 17 00 00 00 00 35 00
(1771612021.789983) can1 00000000 [4] 00 00 4E 20
(1771612021.799982) can1 00000000 [4] 00 00 4E 20
(1771612021.809278) can1 0000296F [8] 00 17 00 00 00 00 35 00
(1771612021.809924) can1 00000000 [4] 00 00 4E 20
(1771612021.819974) can1 00000000 [4] 00 00 4E 20
(1771612021.829302) can1 0000296F [8] 00 17 00 00 00 00 35 00
(1771612021.830477) can1 00000000 [4] 00 00 4E 20
(1771612021.840056) can1 00000000 [4] 00 00 4E 20
(1771612021.849312) can1 0000296F [8] 00 17 00 00 00 00 35 00
(1771612021.849996) can1 00000000 [4] 00 00 4E 20
(1771612021.859982) can1 00000000 [4] 00 00 4E 20
(1771612021.869271) can1 0000296F [8] 00 17 00 00 00 00 35 00
(1771612021.869903) can1 00000000 [4] 00 00 4E 20
(1771612021.879947) can1 00000000 [4] 00 00 4E 20
(1771612021.889275) can1 0000296F [8] 00 17 00 00 00 00 35 00
(1771612021.889940) can1 00000000 [4] 00 00 4E 20
(1771612021.899975) can1 00000000 [4] 00 00 4E 20
(1771612021.909262) can1 0000296F [8] 00 17 00 01 00 00 35 00
(1771612021.909917) can1 00000000 [4] 00 00 4E 20
(1771612021.919990) can1 00000000 [4] 00 00 4E 20
(1771612021.929273) can1 0000296F [8] 00 17 00 00 00 00 35 00
(1771612021.929964) can1 00000000 [4] 00 00 4E 20
(1771612021.939946) can1 00000000 [4] 00 00 4E 20
(1771612021.949257) can1 0000296F [8] 00 17 00 00 00 00 35 00
(1771612021.949923) can1 00000000 [4] 00 00 4E 20
(1771612021.959916) can1 00000000 [4] 00 00 4E 20
(1771612021.969252) can1 0000296F [8] 00 17 00 00 00 00 35 00
(1771612021.969896) can1 00000000 [4] 00 00 4E 20
(1771612021.979958) can1 00000000 [4] 00 00 4E 20
(1771612021.989282) can1 0000296F [8] 00 17 00 00 00 00 35 00
(1771612021.989973) can1 00000000 [4] 00 00 4E 20
(1771612021.999955) can1 00000000 [4] 00 00 4E 20
(1771612022.009275) can1 0000296F [8] 00 17 00 00 00 00 35 00
(1771612022.009953) can1 00000000 [4] 00 00 4E 20
(1771612022.019915) can1 00000000 [4] 00 00 4E 20
(1771612022.029259) can1 0000296F [8] 00 17 00 00 00 00 35 00
(1771612022.029920) can1 00000000 [4] 00 00 4E 20
(1771612022.039905) can1 00000000 [4] 00 00 4E 20
(1771612022.049268) can1 0000296F [8] 00 17 00 00 00 00 35 00
(1771612022.049933) can1 00000000 [4] 00 00 4E 20
(1771612022.059942) can1 00000000 [4] 00 00 4E 20
(1771612022.069265) can1 0000296F [8] 00 17 00 00 00 00 35 00
(1771612022.069938) can1 00000000 [4] 00 00 4E 20
(1771612022.079999) can1 00000000 [4] 00 00 4E 20
(1771612022.089276) can1 0000296F [8] 00 17 00 00 00 00 35 00
(1771612022.089989) can1 00000000 [4] 00 00 4E 20
(1771612022.100016) can1 00000000 [4] 00 00 4E 20
(1771612022.109267) can1 0000296F [8] 00 17 00 00 00 00 35 00
(1771612022.109982) can1 00000000 [4] 00 00 4E 20
(1771612022.119923) can1 00000000 [4] 00 00 4E 20
(1771612022.129280) can1 0000296F [8] 00 17 00 00 00 00 35 00
(1771612022.129977) can1 00000000 [4] 00 00 4E 20
(1771612022.139941) can1 00000000 [4] 00 00 4E 20
(1771612022.149278) can1 0000296F [8] 00 17 00 00 00 00 35 00
(1771612022.149941) can1 00000000 [4] 00 00 4E 20
(1771612022.159926) can1 00000000 [4] 00 00 4E 20
(1771612022.169268) can1 0000296F [8] 00 17 FF FF 00 00 35 00
(1771612022.169939) can1 00000000 [4] 00 00 4E 20
(1771612022.179997) can1 00000000 [4] 00 00 4E 20
(1771612022.189278) can1 0000296F [8] 00 17 00 00 00 00 35 00
(1771612022.189973) can1 00000000 [4] 00 00 4E 20
(1771612022.199980) can1 00000000 [4] 00 00 4E 20
(1771612022.209278) can1 0000296F [8] 00 17 FF FF 00 00 35 00
(1771612022.209965) can1 00000000 [4] 00 00 4E 20
(1771612022.219971) can1 00000000 [4] 00 00 4E 20
(1771612022.229271) can1 0000296F [8] 00 17 00 00 00 00 35 00
(1771612022.229960) can1 00000000 [4] 00 00 4E 20
(1771612022.239968) can1 00000000 [4] 00 00 4E 20
(1771612022.249267) can1 0000296F [8] 00 17 00 00 00 00 35 00
(1771612022.249942) can1 00000000 [4] 00 00 4E 20
(1771612022.259915) can1 00000000 [4] 00 00 4E 20
(1771612022.269267) can1 0000296F [8] 00 17 00 00 00 00 35 00
(1771612022.269954) can1 00000000 [4] 00 00 4E 20
(1771612022.279968) can1 00000000 [4] 00 00 4E 20
(1771612022.289272) can1 0000296F [8] 00 17 00 00 00 00 35 00
(1771612022.289946) can1 00000000 [4] 00 00 4E 20
(1771612022.300023) can1 00000000 [4] 00 00 4E 20
(1771612022.309277) can1 0000296F [8] 00 17 00 00 00 00 35 00
(1771612022.309966) can1 00000000 [4] 00 00 4E 20
(1771612022.319962) can1 00000000 [4] 00 00 4E 20
(1771612022.329273) can1 0000296F [8] 00 17 00 00 00 00 35 00
(1771612022.329961) can1 00000000 [4] 00 00 4E 20
(1771612022.339926) can1 00000000 [4] 00 00 4E 20
(1771612022.349260) can1 0000296F [8] 00 17 00 00 00 00 35 00
(1771612022.349931) can1 00000000 [4] 00 00 4E 20
(1771612022.359912) can1 00000000 [4] 00 00 4E 20
(1771612022.369259) can1 0000296F [8] 00 17 00 00 00 00 35 00
(1771612022.369921) can1 00000000 [4] 00 00 4E 20
(1771612022.379949) can1 00000000 [4] 00 00 4E 20
(1771612022.389268) can1 0000296F [8] 00 17 00 00 00 00 35 00
(1771612022.389962) can1 00000000 [4] 00 00 4E 20
(1771612022.399969) can1 00000000 [4] 00 00 4E 20
(1771612022.409268) can1 0000296F [8] 00 17 00 00 00 00 35 00
(1771612022.409956) can1 00000000 [4] 00 00 4E 20
(1771612022.419952) can1 00000000 [4] 00 00 4E 20
(1771612022.429268) can1 0000296F [8] 00 17 00 00 00 00 35 00
(1771612022.429951) can1 00000000 [4] 00 00 4E 20
(1771612022.439963) can1 00000000 [4] 00 00 4E 20
(1771612022.449267) can1 0000296F [8] 00 17 00 00 00 00 35 00
(1771612022.449960) can1 00000000 [4] 00 00 4E 20
(1771612022.459924) can1 00000000 [4] 00 00 4E 20
(1771612022.469261) can1 0000296F [8] 00 17 00 00 00 00 35 00
(1771612022.469920) can1 00000000 [4] 00 00 4E 20
(1771612022.479922) can1 00000000 [4] 00 00 4E 20
(1771612022.489192) can1 0000296F [8] 00 17 00 00 00 00 35 00
(1771612022.489936) can1 00000000 [4] 00 00 4E 20
(1771612022.499949) can1 00000000 [4] 00 00 4E 20
(1771612022.509263) can1 0000296F [8] 00 17 00 01 00 00 35 00
(1771612022.509948) can1 00000000 [4] 00 00 4E 20
(1771612022.519940) can1 00000000 [4] 00 00 4E 20
(1771612022.529262) can1 0000296F [8] 00 17 00 00 00 00 35 00
(1771612022.529922) can1 00000000 [4] 00 00 4E 20
(1771612022.539926) can1 00000000 [4] 00 00 4E 20
(1771612022.549286) can1 0000296F [8] 00 17 00 00 00 00 35 00
(1771612022.550264) can1 00000000 [4] 00 00 4E 20
(1771612022.562677) can1 00000000 [4] 00 00 4E 20
(1771612022.569254) can1 0000296F [8] 00 17 00 00 00 00 35 00
(1771612022.569992) can1 00000000 [4] 00 00 4E 20
(1771612022.580009) can1 00000000 [4] 00 00 4E 20
(1771612022.589253) can1 0000296F [8] 00 17 00 00 00 00 35 00
(1771612022.589953) can1 00000000 [4] 00 00 4E 20
(1771612022.599952) can1 00000000 [4] 00 00 4E 20
(1771612022.609259) can1 0000296F [8] 00 17 00 00 00 00 35 00
(1771612022.609864) can1 00000000 [4] 00 00 4E 20
(1771612022.619971) can1 00000000 [4] 00 00 4E 20
(1771612022.629254) can1 0000296F [8] 00 17 00 00 00 00 35 00
(1771612022.629949) can1 00000000 [4] 00 00 4E 20
(1771612022.639930) can1 00000000 [4] 00 00 4E 20
(1771612022.649190) can1 0000296F [8] 00 17 00 00 00 00 35 00
(1771612022.649946) can1 00000000 [4] 00 00 4E 20
(1771612022.659926) can1 00000000 [4] 00 00 4E 20
(1771612022.669245) can1 0000296F [8] 00 17 00 00 00 00 35 00
(1771612022.669917) can1 00000000 [4] 00 00 4E 20
(1771612022.679917) can1 00000000 [4] 00 00 4E 20
(1771612022.689260) can1 0000296F [8] 00 17 00 00 00 00 35 00
(1771612022.689908) can1 00000000 [4] 00 00 4E 20
(1771612022.700023) can1 00000000 [4] 00 00 4E 20
(1771612022.709265) can1 0000296F [8] 00 17 00 00 00 00 35 00
(1771612022.710068) can1 00000000 [4] 00 00 4E 20
(1771612022.720014) can1 00000000 [4] 00 00 4E 20
(1771612022.729269) can1 0000296F [8] 00 17 00 00 00 00 35 00
(1771612022.729948) can1 00000000 [4] 00 00 4E 20
(1771612022.739996) can1 00000000 [4] 00 00 4E 20
(1771612022.749261) can1 0000296F [8] 00 17 00 00 00 00 35 00
(1771612022.749918) can1 00000000 [4] 00 00 4E 20
(1771612022.759948) can1 00000000 [4] 00 00 4E 20
(1771612022.769250) can1 0000296F [8] 00 17 00 00 00 00 35 00
(1771612022.769899) can1 00000000 [4] 00 00 4E 20
(1771612022.779948) can1 00000000 [4] 00 00 4E 20
(1771612022.789257) can1 0000296F [8] 00 17 00 00 00 00 35 00
(1771612022.789916) can1 00000000 [4] 00 00 4E 20
(1771612022.799962) can1 00000000 [4] 00 00 4E 20
(1771612022.809281) can1 0000296F [8] 00 17 00 00 00 00 35 00
(1771612022.809953) can1 00000000 [4] 00 00 4E 20
(1771612022.820072) can1 00000000 [4] 00 00 4E 20
(1771612022.829285) can1 0000296F [8] 00 17 00 00 00 00 35 00
(1771612022.829997) can1 00000000 [4] 00 00 4E 20
(1771612022.840027) can1 00000000 [4] 00 00 4E 20
(1771612022.849277) can1 0000296F [8] 00 17 00 00 00 00 35 00
(1771612022.849999) can1 00000000 [4] 00 00 4E 20
(1771612022.860033) can1 00000000 [4] 00 00 4E 20
(1771612022.869342) can1 0000296F [8] 00 17 00 00 00 00 35 00
(1771612022.870019) can1 00000000 [4] 00 00 4E 20
(1771612022.879953) can1 00000000 [4] 00 00 4E 20
(1771612022.889260) can1 0000296F [8] 00 17 00 00 00 00 35 00
(1771612022.889961) can1 00000000 [4] 00 00 4E 20
(1771612022.899943) can1 00000000 [4] 00 00 4E 20
(1771612022.909253) can1 0000296F [8] 00 17 00 00 00 00 35 00
(1771612022.909916) can1 00000000 [4] 00 00 4E 20
(1771612022.919884) can1 00000000 [4] 00 00 4E 20
(1771612022.929255) can1 0000296F [8] 00 17 00 00 00 00 35 00
(1771612022.929914) can1 00000000 [4] 00 00 4E 20
(1771612022.939937) can1 00000000 [4] 00 00 4E 20
(1771612022.949254) can1 0000296F [8] 00 17 00 00 00 00 35 00
(1771612022.949885) can1 00000000 [4] 00 00 4E 20
(1771612022.959934) can1 00000000 [4] 00 00 4E 20
(1771612022.969251) can1 0000296F [8] 00 17 00 00 00 00 35 00
(1771612022.969960) can1 00000000 [4] 00 00 4E 20
(1771612022.979970) can1 00000000 [4] 00 00 4E 20
(1771612022.989240) can1 0000296F [8] 00 17 00 00 00 00 35 00
(1771612022.989906) can1 00000000 [4] 00 00 4E 20
(1771612022.999964) can1 00000000 [4] 00 00 4E 20
(1771612023.009249) can1 0000296F [8] 00 17 00 00 00 00 35 00
(1771612023.009917) can1 00000000 [4] 00 00 4E 20
(1771612023.019942) can1 00000000 [4] 00 00 4E 20
(1771612023.029230) can1 0000296F [8] 00 17 00 00 00 00 35 00
(1771612023.029887) can1 00000000 [4] 00 00 4E 20
(1771612023.039956) can1 00000000 [4] 00 00 4E 20
(1771612023.049246) can1 0000296F [8] 00 17 00 00 00 00 35 00
(1771612023.049905) can1 00000000 [4] 00 00 4E 20
(1771612023.059895) can1 00000000 [4] 00 00 4E 20
(1771612023.069244) can1 0000296F [8] 00 17 FF FF 00 00 35 00
(1771612023.069902) can1 00000000 [4] 00 00 4E 20
(1771612023.079887) can1 00000000 [4] 00 00 4E 20
(1771612023.089227) can1 0000296F [8] 00 17 00 00 00 00 35 00
(1771612023.089872) can1 00000000 [4] 00 00 4E 20
(1771612023.099905) can1 00000000 [4] 00 00 4E 20
(1771612023.109251) can1 0000296F [8] 00 17 00 00 00 00 35 00
(1771612023.109915) can1 00000000 [4] 00 00 4E 20
(1771612023.119879) can1 00000000 [4] 00 00 4E 20
(1771612023.129229) can1 0000296F [8] 00 17 00 00 00 00 35 00
(1771612023.129868) can1 00000000 [4] 00 00 4E 20
(1771612023.139879) can1 00000000 [4] 00 00 4E 20
(1771612023.149231) can1 0000296F [8] 00 17 00 00 00 00 35 00
(1771612023.149882) can1 00000000 [4] 00 00 4E 20
(1771612023.159904) can1 00000000 [4] 00 00 4E 20
(1771612023.169247) can1 0000296F [8] 00 17 00 00 00 00 35 00
(1771612023.169902) can1 00000000 [4] 00 00 4E 20
(1771612023.179877) can1 00000000 [4] 00 00 4E 20
(1771612023.189226) can1 0000296F [8] 00 17 00 00 00 00 35 00
(1771612023.189856) can1 00000000 [4] 00 00 4E 20
(1771612023.199962) can1 00000000 [4] 00 00 4E 20
(1771612023.209251) can1 0000296F [8] 00 17 00 00 00 00 35 00
(1771612023.209928) can1 00000000 [4] 00 00 4E 20
(1771612023.219953) can1 00000000 [4] 00 00 4E 20
(1771612023.229231) can1 0000296F [8] 00 17 00 00 00 00 35 00
(1771612023.229892) can1 00000000 [4] 00 00 4E 20
(1771612023.239940) can1 00000000 [4] 00 00 4E 20
(1771612023.249243) can1 0000296F [8] 00 17 00 00 00 00 35 00
(1771612023.250093) can1 00000000 [4] 00 00 4E 20
(1771612023.259915) can1 00000000 [4] 00 00 4E 20
(1771612023.269241) can1 0000296F [8] 00 17 00 01 00 00 35 00
(1771612023.269903) can1 00000000 [4] 00 00 4E 20
(1771612023.279884) can1 00000000 [4] 00 00 4E 20
(1771612023.289228) can1 0000296F [8] 00 17 00 00 00 00 35 00
(1771612023.289872) can1 00000000 [4] 00 00 4E 20
(1771612023.299948) can1 00000000 [4] 00 00 4E 20
(1771612023.309227) can1 0000296F [8] 00 17 00 00 00 00 35 00
(1771612023.309884) can1 00000000 [4] 00 00 4E 20
(1771612023.319870) can1 00000000 [4] 00 00 4E 20
(1771612023.329242) can1 0000296F [8] 00 17 00 00 00 00 35 00
(1771612023.329894) can1 00000000 [4] 00 00 4E 20
(1771612023.339888) can1 00000000 [4] 00 00 4E 20
(1771612023.349243) can1 0000296F [8] 00 17 00 00 00 00 35 00
(1771612023.349897) can1 00000000 [4] 00 00 4E 20
(1771612023.359900) can1 00000000 [4] 00 00 4E 20
(1771612023.369230) can1 0000296F [8] 00 17 00 00 00 00 35 00
(1771612023.369886) can1 00000000 [4] 00 00 4E 20
(1771612023.379877) can1 00000000 [4] 00 00 4E 20
(1771612023.389227) can1 0000296F [8] 00 17 00 00 00 00 35 00
(1771612023.389885) can1 00000000 [4] 00 00 4E 20
(1771612023.399902) can1 00000000 [4] 00 00 4E 20
(1771612023.409226) can1 0000296F [8] 00 17 00 00 00 00 35 00
(1771612023.409891) can1 00000000 [4] 00 00 4E 20
(1771612023.419955) can1 00000000 [4] 00 00 4E 20
(1771612023.429246) can1 0000296F [8] 00 17 00 00 00 00 35 00
(1771612023.429914) can1 00000000 [4] 00 00 4E 20
(1771612023.439926) can1 00000000 [4] 00 00 4E 20
(1771612023.449246) can1 0000296F [8] 00 17 00 00 00 00 35 00
(1771612023.449908) can1 00000000 [4] 00 00 4E 20
(1771612023.459941) can1 00000000 [4] 00 00 4E 20
(1771612023.469247) can1 0000296F [8] 00 17 00 00 00 00 35 00
(1771612023.469911) can1 00000000 [4] 00 00 4E 20
(1771612023.479935) can1 00000000 [4] 00 00 4E 20
(1771612023.489223) can1 0000296F [8] 00 17 00 00 00 00 35 00
(1771612023.489892) can1 00000000 [4] 00 00 4E 20
(1771612023.499879) can1 00000000 [4] 00 00 4E 20
(1771612023.509225) can1 0000296F [8] 00 17 00 00 00 00 35 00
(1771612023.509873) can1 00000000 [4] 00 00 4E 20
(1771612023.519930) can1 00000000 [4] 00 00 4E 20
(1771612023.529235) can1 0000296F [8] 00 17 00 00 00 00 35 00
(1771612023.530037) can1 00000000 [4] 00 00 4E 20
(1771612023.539929) can1 00000000 [4] 00 00 4E 20
(1771612023.549235) can1 0000296F [8] 00 17 00 00 00 00 35 00
(1771612023.549928) can1 00000000 [4] 00 00 4E 20
(1771612023.559887) can1 00000000 [4] 00 00 4E 20
(1771612023.569231) can1 0000296F [8] 00 17 FF FF 00 00 35 00
(1771612023.569875) can1 00000000 [4] 00 00 4E 20
(1771612023.580033) can1 00000000 [4] 00 00 4E 20
(1771612023.589197) can1 0000296F [8] 00 17 00 01 00 00 35 00
(1771612023.589898) can1 00000000 [4] 00 00 4E 20
(1771612023.599896) can1 00000000 [4] 00 00 4E 20
(1771612023.609197) can1 0000296F [8] 00 17 00 00 00 00 35 00
(1771612023.609886) can1 00000000 [4] 00 00 4E 20
(1771612023.619984) can1 00000000 [4] 00 00 4E 20
(1771612023.629230) can1 0000296F [8] 00 17 00 00 00 00 35 00
(1771612023.629910) can1 00000000 [4] 00 00 4E 20
(1771612023.639950) can1 00000000 [4] 00 00 4E 20
(1771612023.649229) can1 0000296F [8] 00 17 00 00 00 00 35 00
(1771612023.649882) can1 00000000 [4] 00 00 4E 20
(1771612023.659890) can1 00000000 [4] 00 00 4E 20
(1771612023.669239) can1 0000296F [8] 00 17 00 00 00 00 35 00
(1771612023.669942) can1 00000000 [4] 00 00 4E 20
(1771612023.679872) can1 00000000 [4] 00 00 4E 20
(1771612023.689241) can1 0000296F [8] 00 17 00 00 00 00 35 00
(1771612023.689911) can1 00000000 [4] 00 00 4E 20
(1771612023.699947) can1 00000000 [4] 00 00 4E 20
(1771612023.709227) can1 0000296F [8] 00 17 00 00 00 00 35 00
(1771612023.709874) can1 00000000 [4] 00 00 4E 20
(1771612023.719900) can1 00000000 [4] 00 00 4E 20
(1771612023.729230) can1 0000296F [8] 00 17 00 00 00 00 35 00
(1771612023.729886) can1 00000000 [4] 00 00 4E 20
(1771612023.739930) can1 00000000 [4] 00 00 4E 20
(1771612023.749239) can1 0000296F [8] 00 17 00 00 00 00 35 00
(1771612023.749904) can1 00000000 [4] 00 00 4E 20
(1771612023.759876) can1 00000000 [4] 00 00 4E 20
(1771612023.769235) can1 0000296F [8] 00 17 00 00 00 00 35 00
(1771612023.769876) can1 00000000 [4] 00 00 4E 20
(1771612023.779878) can1 00000000 [4] 00 00 4E 20
(1771612023.789227) can1 0000296F [8] 00 17 00 00 00 00 35 00
(1771612023.789871) can1 00000000 [4] 00 00 4E 20
(1771612023.799869) can1 00000000 [4] 00 00 4E 20
(1771612023.809229) can1 0000296F [8] 00 17 00 00 00 00 35 00
(1771612023.809888) can1 00000000 [4] 00 00 4E 20
(1771612023.819927) can1 00000000 [4] 00 00 4E 20
(1771612023.829237) can1 0000296F [8] 00 17 00 00 00 00 35 00
(1771612023.829870) can1 00000000 [4] 00 00 4E 20
(1771612023.839914) can1 00000000 [4] 00 00 4E 20
(1771612023.849239) can1 0000296F [8] 00 17 00 00 00 00 35 00
(1771612023.849896) can1 00000000 [4] 00 00 4E 20
(1771612023.859896) can1 00000000 [4] 00 00 4E 20
(1771612023.869233) can1 0000296F [8] 00 17 00 01 00 00 35 00
(1771612023.869891) can1 00000000 [4] 00 00 4E 20
(1771612023.879879) can1 00000000 [4] 00 00 4E 20
(1771612023.889229) can1 0000296F [8] 00 17 00 00 00 00 35 00
(1771612023.889870) can1 00000000 [4] 00 00 4E 20
(1771612023.899870) can1 00000000 [4] 00 00 4E 20
(1771612023.909232) can1 0000296F [8] 00 17 00 00 00 00 35 00
(1771612023.909885) can1 00000000 [4] 00 00 4E 20
(1771612023.919889) can1 00000000 [4] 00 00 4E 20
(1771612023.929240) can1 0000296F [8] 00 17 00 00 00 00 35 00
(1771612023.929916) can1 00000000 [4] 00 00 4E 20
(1771612023.939917) can1 00000000 [4] 00 00 4E 20
(1771612023.949241) can1 0000296F [8] 00 17 00 00 00 00 35 00
(1771612023.949996) can1 00000000 [4] 00 00 4E 20
(1771612023.959946) can1 00000000 [4] 00 00 4E 20
(1771612023.969230) can1 0000296F [8] 00 17 FF FF 00 00 35 00
(1771612023.969895) can1 00000000 [4] 00 00 4E 20
(1771612023.979923) can1 00000000 [4] 00 00 4E 20
(1771612023.989227) can1 0000296F [8] 00 17 00 00 00 00 35 00
(1771612023.989887) can1 00000000 [4] 00 00 4E 20
(1771612023.999883) can1 00000000 [4] 00 00 4E 20
(1771612024.009226) can1 0000296F [8] 00 17 00 00 00 00 35 00
(1771612024.009866) can1 00000000 [4] 00 00 4E 20
(1771612024.019895) can1 00000000 [4] 00 00 4E 20
(1771612024.029206) can1 0000296F [8] 00 17 00 00 00 00 35 00
(1771612024.029904) can1 00000000 [4] 00 00 4E 20
(1771612024.039932) can1 00000000 [4] 00 00 4E 20
(1771612024.049231) can1 0000296F [8] 00 17 00 00 00 00 35 00
(1771612024.049884) can1 00000000 [4] 00 00 4E 20
(1771612024.059895) can1 00000000 [4] 00 00 4E 20
(1771612024.069229) can1 0000296F [8] 00 17 00 00 00 00 35 00
(1771612024.069858) can1 00000000 [4] 00 00 4E 20
(1771612024.079923) can1 00000000 [4] 00 00 4E 20
(1771612024.089226) can1 0000296F [8] 00 17 00 00 00 00 35 00
(1771612024.089883) can1 00000000 [4] 00 00 4E 20
(1771612024.099873) can1 00000000 [4] 00 00 4E 20
(1771612024.109227) can1 0000296F [8] 00 17 00 00 00 00 35 00
(1771612024.109866) can1 00000000 [4] 00 00 4E 20
(1771612024.119898) can1 00000000 [4] 00 00 4E 20
(1771612024.129229) can1 0000296F [8] 00 17 00 00 00 00 35 00
(1771612024.129883) can1 00000000 [4] 00 00 4E 20
(1771612024.139886) can1 00000000 [4] 00 00 4E 20
(1771612024.149240) can1 0000296F [8] 00 17 00 00 00 00 35 00
(1771612024.149917) can1 00000000 [4] 00 00 4E 20
(1771612024.159948) can1 00000000 [4] 00 00 4E 20
(1771612024.169234) can1 0000296F [8] 00 17 00 00 00 00 35 00
(1771612024.169910) can1 00000000 [4] 00 00 4E 20
(1771612024.179883) can1 00000000 [4] 00 00 4E 20
(1771612024.189235) can1 0000296F [8] 00 17 00 00 00 00 35 00
(1771612024.189904) can1 00000000 [4] 00 00 4E 20
(1771612024.199966) can1 00000000 [4] 00 00 4E 20
(1771612024.209223) can1 0000296F [8] 00 17 00 00 00 00 35 00
(1771612024.209906) can1 00000000 [4] 00 00 4E 20
(1771612024.219875) can1 00000000 [4] 00 00 4E 20
(1771612024.229221) can1 0000296F [8] 00 17 00 00 00 00 35 00
(1771612024.229867) can1 00000000 [4] 00 00 4E 20
(1771612024.239923) can1 00000000 [4] 00 00 4E 20
(1771612024.249223) can1 0000296F [8] 00 17 00 00 00 00 35 00
(1771612024.249877) can1 00000000 [4] 00 00 4E 20
(1771612024.259924) can1 00000000 [4] 00 00 4E 20
(1771612024.269228) can1 0000296F [8] 00 17 00 00 00 00 35 00
(1771612024.269907) can1 00000000 [4] 00 00 4E 20
(1771612024.279941) can1 00000000 [4] 00 00 4E 20
(1771612024.289244) can1 0000296F [8] 00 17 00 00 00 00 35 00
(1771612024.289888) can1 00000000 [4] 00 00 4E 20
(1771612024.299852) can1 00000000 [4] 00 00 4E 20
(1771612024.309223) can1 0000296F [8] 00 17 00 00 00 00 35 00
(1771612024.309850) can1 00000000 [4] 00 00 4E 20
(1771612024.319865) can1 00000000 [4] 00 00 4E 20
(1771612024.329175) can1 0000296F [8] 00 17 00 00 00 00 35 00
(1771612024.329911) can1 00000000 [4] 00 00 4E 20
(1771612024.339897) can1 00000000 [4] 00 00 4E 20
(1771612024.349223) can1 0000296F [8] 00 17 00 00 00 00 35 00
(1771612024.349877) can1 00000000 [4] 00 00 4E 20
(1771612024.359959) can1 00000000 [4] 00 00 4E 20
(1771612024.369232) can1 0000296F [8] 00 17 00 01 00 00 35 00
(1771612024.369917) can1 00000000 [4] 00 00 4E 20
(1771612024.379933) can1 00000000 [4] 00 00 4E 20
(1771612024.389233) can1 0000296F [8] 00 17 00 00 00 00 35 00
(1771612024.389914) can1 00000000 [4] 00 00 4E 20
(1771612024.399926) can1 00000000 [4] 00 00 4E 20
(1771612024.409226) can1 0000296F [8] 00 17 00 00 00 00 35 00
(1771612024.409880) can1 00000000 [4] 00 00 4E 20
(1771612024.419858) can1 00000000 [4] 00 00 4E 20
(1771612024.429236) can1 0000296F [8] 00 17 00 00 00 00 35 00
(1771612024.429906) can1 00000000 [4] 00 00 4E 20
(1771612024.439949) can1 00000000 [4] 00 00 4E 20
(1771612024.449225) can1 0000296F [8] 00 17 00 00 00 00 35 00
(1771612024.449872) can1 00000000 [4] 00 00 4E 20
(1771612024.459930) can1 00000000 [4] 00 00 4E 20
(1771612024.469202) can1 0000296F [8] 00 17 00 00 00 00 35 00
(1771612024.469934) can1 00000000 [4] 00 00 4E 20
(1771612024.479956) can1 00000000 [4] 00 00 4E 20
(1771612024.489231) can1 0000296F [8] 00 17 00 00 00 00 35 00
(1771612024.489919) can1 00000000 [4] 00 00 4E 20
(1771612024.499928) can1 00000000 [4] 00 00 4E 20
(1771612024.509187) can1 0000296F [8] 00 17 00 00 00 00 35 00
(1771612024.509883) can1 00000000 [4] 00 00 4E 20
(1771612024.519857) can1 00000000 [4] 00 00 4E 20
(1771612024.529168) can1 0000296F [8] 00 17 00 00 00 00 35 00
(1771612024.529908) can1 00000000 [4] 00 00 4E 20
(1771612024.539869) can1 00000000 [4] 00 00 4E 20
(1771612024.549240) can1 0000296F [8] 00 17 FF FF 00 00 35 00
(1771612024.549930) can1 00000000 [4] 00 00 4E 20
(1771612024.559865) can1 00000000 [4] 00 00 4E 20
(1771612024.569235) can1 0000296F [8] 00 17 00 00 00 00 35 00
(1771612024.569912) can1 00000000 [4] 00 00 4E 20
(1771612024.579934) can1 00000000 [4] 00 00 4E 20
(1771612024.589223) can1 0000296F [8] 00 17 00 00 00 00 35 00
(1771612024.589867) can1 00000000 [4] 00 00 4E 20
(1771612024.599937) can1 00000000 [4] 00 00 4E 20
(1771612024.609190) can1 0000296F [8] 00 17 00 00 00 00 35 00
(1771612024.609870) can1 00000000 [4] 00 00 4E 20
(1771612024.619866) can1 00000000 [4] 00 00 4E 20
(1771612024.629237) can1 0000296F [8] 00 17 00 00 00 00 35 00
(1771612024.629904) can1 00000000 [4] 00 00 4E 20
(1771612024.639868) can1 00000000 [4] 00 00 4E 20
(1771612024.649221) can1 0000296F [8] 00 17 FF FF 00 00 35 00
(1771612024.649859) can1 00000000 [4] 00 00 4E 20
(1771612024.659942) can1 00000000 [4] 00 00 4E 20
(1771612024.669221) can1 0000296F [8] 00 17 00 00 00 00 35 00
(1771612024.670159) can1 00000000 [4] 00 00 4E 20
(1771612024.679879) can1 00000000 [4] 00 00 4E 20
(1771612024.689229) can1 0000296F [8] 00 17 00 00 00 00 35 00
(1771612024.689909) can1 00000000 [4] 00 00 4E 20
(1771612024.699862) can1 00000000 [4] 00 00 4E 20
(1771612024.709246) can1 0000296F [8] 00 17 00 00 00 00 35 00
(1771612024.709986) can1 00000000 [4] 00 00 4E 20
(1771612024.719965) can1 00000000 [4] 00 00 4E 20
(1771612024.729236) can1 0000296F [8] 00 17 00 00 00 00 35 00
(1771612024.730004) can1 00000000 [4] 00 00 4E 20
(1771612024.739897) can1 00000000 [4] 00 00 4E 20
(1771612024.749229) can1 0000296F [8] 00 17 00 00 00 00 35 00
(1771612024.749875) can1 00000000 [4] 00 00 4E 20
(1771612024.759874) can1 00000000 [4] 00 00 4E 20
(1771612024.769231) can1 0000296F [8] 00 17 00 00 00 00 35 00
(1771612024.769902) can1 00000000 [4] 00 00 4E 20
(1771612024.779922) can1 00000000 [4] 00 00 4E 20
(1771612024.789221) can1 0000296F [8] 00 17 00 00 00 00 35 00
(1771612024.789897) can1 00000000 [4] 00 00 4E 20
(1771612024.799923) can1 00000000 [4] 00 00 4E 20
(1771612024.809220) can1 0000296F [8] 00 17 00 00 00 00 35 00
(1771612024.809878) can1 00000000 [4] 00 00 4E 20
(1771612024.819874) can1 00000000 [4] 00 00 4E 20
(1771612024.829192) can1 0000296F [8] 00 17 00 00 00 00 35 00
(1771612024.829901) can1 00000000 [4] 00 00 4E 20
(1771612024.839869) can1 00000000 [4] 00 00 4E 20
(1771612024.849226) can1 0000296F [8] 00 17 00 00 00 00 35 00
(1771612024.849899) can1 00000000 [4] 00 00 4E 20
(1771612024.859876) can1 00000000 [4] 00 00 4E 20
(1771612024.869229) can1 0000296F [8] 00 17 00 00 00 00 35 00
(1771612024.869912) can1 00000000 [4] 00 00 4E 20
(1771612024.879924) can1 00000000 [4] 00 00 4E 20
(1771612024.889220) can1 0000296F [8] 00 17 00 00 00 00 35 00
(1771612024.889880) can1 00000000 [4] 00 00 4E 20
(1771612024.899924) can1 00000000 [4] 00 00 4E 20
(1771612024.909218) can1 0000296F [8] 00 17 00 00 00 00 35 00
(1771612024.909873) can1 00000000 [4] 00 00 4E 20
(1771612024.919873) can1 00000000 [4] 00 00 4E 20
(1771612024.929218) can1 0000296F [8] 00 17 00 00 00 00 35 00
(1771612024.929867) can1 00000000 [4] 00 00 4E 20
(1771612024.939890) can1 00000000 [4] 00 00 4E 20
(1771612024.949229) can1 0000296F [8] 00 17 00 00 00 00 35 00
(1771612024.949909) can1 00000000 [4] 00 00 4E 20
(1771612024.959926) can1 00000000 [4] 00 00 4E 20
(1771612024.969230) can1 0000296F [8] 00 17 00 00 00 00 35 00
(1771612024.969913) can1 00000000 [4] 00 00 4E 20
(1771612024.979913) can1 00000000 [4] 00 00 4E 20
(1771612024.989224) can1 0000296F [8] 00 17 00 00 00 00 35 00
(1771612024.989915) can1 00000000 [4] 00 00 4E 20
(1771612024.999934) can1 00000000 [4] 00 00 4E 20
(1771612025.009193) can1 0000296F [8] 00 17 00 00 00 00 35 00
(1771612025.009966) can1 00000000 [4] 00 00 4E 20
(1771612025.019920) can1 00000000 [4] 00 00 4E 20
(1771612025.029218) can1 0000296F [8] 00 17 00 00 00 00 35 00
(1771612025.029889) can1 00000000 [4] 00 00 4E 20
(1771612025.039872) can1 00000000 [4] 00 00 4E 20
(1771612025.049230) can1 0000296F [8] 00 17 00 00 00 00 35 00
(1771612025.049904) can1 00000000 [4] 00 00 4E 20
(1771612025.059887) can1 00000000 [4] 00 00 4E 20
(1771612025.069233) can1 0000296F [8] 00 17 00 00 00 00 35 00
(1771612025.069924) can1 00000000 [4] 00 00 4E 20
(1771612025.079945) can1 00000000 [4] 00 00 4E 20
(1771612025.089228) can1 0000296F [8] 00 17 00 00 00 00 35 00
(1771612025.089913) can1 00000000 [4] 00 00 4E 20
(1771612025.099930) can1 00000000 [4] 00 00 4E 20
(1771612025.109225) can1 0000296F [8] 00 17 00 00 00 00 35 00
(1771612025.109913) can1 00000000 [4] 00 00 4E 20
(1771612025.119864) can1 00000000 [4] 00 00 4E 20
(1771612025.129214) can1 0000296F [8] 00 17 00 00 00 00 35 00
(1771612025.129860) can1 00000000 [4] 00 00 4E 20
(1771612025.139867) can1 00000000 [4] 00 00 4E 20
(1771612025.149219) can1 0000296F [8] 00 17 00 00 00 00 35 00
(1771612025.149886) can1 00000000 [4] 00 00 4E 20
(1771612025.159946) can1 00000000 [4] 00 00 4E 20
(1771612025.169226) can1 0000296F [8] 00 17 00 00 00 00 35 00
(1771612025.169913) can1 00000000 [4] 00 00 4E 20
(1771612025.179862) can1 00000000 [4] 00 00 4E 20
(1771612025.189226) can1 0000296F [8] 00 17 00 00 00 00 35 00
(1771612025.189914) can1 00000000 [4] 00 00 4E 20
(1771612025.200165) can1 00000000 [4] 00 00 4E 20
(1771612025.209222) can1 0000296F [8] 00 17 00 00 00 00 35 00
(1771612025.209876) can1 00000000 [4] 00 00 4E 20
(1771612025.219971) can1 00000000 [4] 00 00 4E 20
(1771612025.229219) can1 0000296F [8] 00 17 00 00 00 00 35 00
(1771612025.229876) can1 00000000 [4] 00 00 4E 20
(1771612025.239862) can1 00000000 [4] 00 00 4E 20
(1771612025.249189) can1 0000296F [8] 00 17 00 00 00 00 35 00
(1771612025.249926) can1 00000000 [4] 00 00 4E 20
(1771612025.260052) can1 00000000 [4] 00 00 4E 20
(1771612025.269223) can1 0000296F [8] 00 17 00 00 00 00 35 00
(1771612025.269870) can1 00000000 [4] 00 00 4E 20
(1771612025.279934) can1 00000000 [4] 00 00 4E 20
(1771612025.289220) can1 0000296F [8] 00 17 00 00 00 00 35 00
(1771612025.289882) can1 00000000 [4] 00 00 4E 20
(1771612025.299888) can1 00000000 [4] 00 00 4E 20
(1771612025.309223) can1 0000296F [8] 00 17 00 00 00 00 35 00
(1771612025.309907) can1 00000000 [4] 00 00 4E 20
(1771612025.319883) can1 00000000 [4] 00 00 4E 20
(1771612025.329216) can1 0000296F [8] 00 17 00 00 00 00 35 00
(1771612025.329880) can1 00000000 [4] 00 00 4E 20
(1771612025.339870) can1 00000000 [4] 00 00 4E 20
(1771612025.349227) can1 0000296F [8] 00 17 00 00 00 00 35 00
(1771612025.349919) can1 00000000 [4] 00 00 4E 20
(1771612025.359960) can1 00000000 [4] 00 00 4E 20
(1771612025.369221) can1 0000296F [8] 00 17 00 00 00 00 35 00
(1771612025.369889) can1 00000000 [4] 00 00 4E 20
(1771612025.379940) can1 00000000 [4] 00 00 4E 20
(1771612025.389225) can1 0000296F [8] 00 17 00 01 00 00 35 00
(1771612025.389916) can1 00000000 [4] 00 00 4E 20
(1771612025.399934) can1 00000000 [4] 00 00 4E 20
(1771612025.409218) can1 0000296F [8] 00 17 00 00 00 00 35 00
(1771612025.409869) can1 00000000 [4] 00 00 4E 20
(1771612025.419928) can1 00000000 [4] 00 00 4E 20
(1771612025.429219) can1 0000296F [8] 00 17 00 00 00 00 35 00
(1771612025.429871) can1 00000000 [4] 00 00 4E 20
(1771612025.439867) can1 00000000 [4] 00 00 4E 20
(1771612025.449219) can1 0000296F [8] 00 17 00 00 00 00 35 00
(1771612025.449883) can1 00000000 [4] 00 00 4E 20
(1771612025.459917) can1 00000000 [4] 00 00 4E 20
(1771612025.469228) can1 0000296F [8] 00 17 00 00 00 00 35 00
(1771612025.469918) can1 00000000 [4] 00 00 4E 20
(1771612025.479933) can1 00000000 [4] 00 00 4E 20
(1771612025.489228) can1 0000296F [8] 00 17 00 00 00 00 35 00
(1771612025.489869) can1 00000000 [4] 00 00 4E 20
(1771612025.499932) can1 00000000 [4] 00 00 4E 20
(1771612025.509222) can1 0000296F [8] 00 17 00 00 00 00 35 00
(1771612025.509866) can1 00000000 [4] 00 00 4E 20
(1771612025.519869) can1 00000000 [4] 00 00 4E 20
(1771612025.529221) can1 0000296F [8] 00 17 00 00 00 00 35 00
(1771612025.529912) can1 00000000 [4] 00 00 4E 20
(1771612025.539873) can1 00000000 [4] 00 00 4E 20
(1771612025.549216) can1 0000296F [8] 00 17 00 00 00 00 35 00
(1771612025.549830) can1 00000000 [4] 00 00 4E 20
(1771612025.559853) can1 00000000 [4] 00 00 4E 20
(1771612025.569211) can1 0000296F [8] 00 17 00 00 00 00 35 00
(1771612025.569801) can1 00000000 [4] 00 00 4E 20
(1771612025.579937) can1 00000000 [4] 00 00 4E 20
(1771612025.589220) can1 0000296F [8] 00 17 00 00 00 00 35 00
(1771612025.589864) can1 00000000 [4] 00 00 4E 20
(1771612025.599869) can1 00000000 [4] 00 00 4E 20
(1771612025.609197) can1 0000296F [8] 00 17 00 00 00 00 35 00
(1771612025.609930) can1 00000000 [4] 00 00 4E 20
(1771612025.619867) can1 00000000 [4] 00 00 4E 20
(1771612025.629221) can1 0000296F [8] 00 17 00 00 00 00 35 00
(1771612025.629913) can1 00000000 [4] 00 00 4E 20
(1771612025.639825) can1 00000000 [4] 00 00 4E 20
(1771612025.649186) can1 0000296F [8] 00 17 00 00 00 00 35 00
(1771612025.649924) can1 00000000 [4] 00 00 4E 20
(1771612025.659870) can1 00000000 [4] 00 00 4E 20
(1771612025.669219) can1 0000296F [8] 00 17 00 00 00 00 35 00
(1771612025.669859) can1 00000000 [4] 00 00 4E 20
(1771612025.679862) can1 00000000 [4] 00 00 4E 20
(1771612025.689187) can1 0000296F [8] 00 17 00 00 00 00 35 00
(1771612025.689913) can1 00000000 [4] 00 00 4E 20
(1771612025.699863) can1 00000000 [4] 00 00 4E 20
(1771612025.709222) can1 0000296F [8] 00 17 00 00 00 00 35 00
(1771612025.709940) can1 00000000 [4] 00 00 4E 20
(1771612025.720001) can1 00000000 [4] 00 00 4E 20
(1771612025.729216) can1 0000296F [8] 00 17 00 00 00 00 35 00
(1771612025.729842) can1 00000000 [4] 00 00 4E 20
(1771612025.739892) can1 00000000 [4] 00 00 4E 20
(1771612025.749213) can1 0000296F [8] 00 17 00 00 00 00 35 00
(1771612025.749807) can1 00000000 [4] 00 00 4E 20
(1771612025.759851) can1 00000000 [4] 00 00 4E 20
(1771612025.769187) can1 0000296F [8] 00 17 00 00 00 00 35 00
(1771612025.769941) can1 00000000 [4] 00 00 4E 20
(1771612025.779949) can1 00000000 [4] 00 00 4E 20
(1771612025.789211) can1 0000296F [8] 00 17 00 00 00 00 35 00
(1771612025.789828) can1 00000000 [4] 00 00 4E 20
(1771612025.799950) can1 00000000 [4] 00 00 4E 20
(1771612025.809182) can1 0000296F [8] 00 17 00 00 00 00 35 00
(1771612025.809909) can1 00000000 [4] 00 00 4E 20
(1771612025.819933) can1 00000000 [4] 00 00 4E 20
(1771612025.829150) can1 0000296F [8] 00 17 00 00 00 00 35 00
(1771612025.829918) can1 00000000 [4] 00 00 4E 20
(1771612025.839869) can1 00000000 [4] 00 00 4E 20
(1771612025.849146) can1 0000296F [8] 00 17 00 00 00 00 35 00
(1771612025.849854) can1 00000000 [4] 00 00 4E 20
(1771612025.859945) can1 00000000 [4] 00 00 4E 20
(1771612025.869214) can1 0000296F [8] 00 17 00 00 00 00 35 00
(1771612025.869843) can1 00000000 [4] 00 00 4E 20
(1771612025.879936) can1 00000000 [4] 00 00 4E 20
(1771612025.889212) can1 0000296F [8] 00 17 00 00 00 00 35 00
(1771612025.889821) can1 00000000 [4] 00 00 4E 20
(1771612025.899936) can1 00000000 [4] 00 00 4E 20
(1771612025.909219) can1 0000296F [8] 00 17 00 00 00 00 35 00
(1771612025.909856) can1 00000000 [4] 00 00 4E 20
(1771612025.919872) can1 00000000 [4] 00 00 4E 20
(1771612025.929212) can1 0000296F [8] 00 17 00 00 00 00 35 00
(1771612025.929811) can1 00000000 [4] 00 00 4E 20
(1771612025.939855) can1 00000000 [4] 00 00 4E 20
(1771612025.949210) can1 0000296F [8] 00 17 00 00 00 00 35 00
(1771612025.949885) can1 00000000 [4] 00 00 4E 20
(1771612025.959900) can1 00000000 [4] 00 00 4E 20
(1771612025.969184) can1 0000296F [8] 00 17 00 00 00 00 35 00
(1771612025.969925) can1 00000000 [4] 00 00 4E 20
(1771612025.980033) can1 00000000 [4] 00 00 4E 20
(1771612025.989185) can1 0000296F [8] 00 17 00 00 00 00 35 00
(1771612025.989883) can1 00000000 [4] 00 00 4E 20
(1771612025.999912) can1 00000000 [4] 00 00 4E 20
(1771612026.009177) can1 0000296F [8] 00 17 00 00 00 00 35 00
(1771612026.009897) can1 00000000 [4] 00 00 4E 20
(1771612026.019860) can1 00000000 [4] 00 00 4E 20
(1771612026.029216) can1 0000296F [8] 00 17 00 00 00 00 35 00
(1771612026.029885) can1 00000000 [4] 00 00 4E 20
(1771612026.039855) can1 00000000 [4] 00 00 4E 20
(1771612026.049211) can1 0000296F [8] 00 17 00 00 00 00 35 00
(1771612026.049861) can1 00000000 [4] 00 00 4E 20
(1771612026.059856) can1 00000000 [4] 00 00 4E 20
(1771612026.069219) can1 0000296F [8] 00 17 00 00 00 00 35 00
(1771612026.069885) can1 00000000 [4] 00 00 4E 20
(1771612026.079904) can1 00000000 [4] 00 00 4E 20
(1771612026.089210) can1 0000296F [8] 00 17 00 00 00 00 35 00
(1771612026.089858) can1 00000000 [4] 00 00 4E 20
(1771612026.099907) can1 00000000 [4] 00 00 4E 20
(1771612026.109208) can1 0000296F [8] 00 17 00 00 00 00 35 00
(1771612026.109855) can1 00000000 [4] 00 00 4E 20
(1771612026.119903) can1 00000000 [4] 00 00 4E 20
(1771612026.129229) can1 0000296F [8] 00 17 00 00 00 00 35 00
(1771612026.129936) can1 00000000 [4] 00 00 4E 20
(1771612026.139870) can1 00000000 [4] 00 00 4E 20
(1771612026.149203) can1 0000296F [8] 00 17 00 00 00 00 35 00
(1771612026.149866) can1 00000000 [4] 00 00 4E 20
(1771612026.159853) can1 00000000 [4] 00 00 4E 20
(1771612026.169207) can1 0000296F [8] 00 17 00 00 00 00 35 00
(1771612026.169844) can1 00000000 [4] 00 00 4E 20
(1771612026.179917) can1 00000000 [4] 00 00 4E 20
(1771612026.189214) can1 0000296F [8] 00 17 00 00 00 00 35 00
(1771612026.189898) can1 00000000 [4] 00 00 4E 20
(1771612026.199871) can1 00000000 [4] 00 00 4E 20
(1771612026.209214) can1 0000296F [8] 00 17 FF FF 00 00 35 00
(1771612026.209893) can1 00000000 [4] 00 00 4E 20
(1771612026.219914) can1 00000000 [4] 00 00 4E 20
(1771612026.229224) can1 0000296F [8] 00 17 00 00 00 00 35 00
(1771612026.229923) can1 00000000 [4] 00 00 4E 20
(1771612026.239927) can1 00000000 [4] 00 00 4E 20
(1771612026.249206) can1 0000296F [8] 00 17 00 00 00 00 35 00
(1771612026.249872) can1 00000000 [4] 00 00 4E 20
(1771612026.259860) can1 00000000 [4] 00 00 4E 20
(1771612026.269181) can1 0000296F [8] 00 17 00 00 00 00 35 00
(1771612026.269903) can1 00000000 [4] 00 00 4E 20
(1771612026.279869) can1 00000000 [4] 00 00 4E 20
(1771612026.289215) can1 0000296F [8] 00 17 00 00 00 00 35 00
(1771612026.289901) can1 00000000 [4] 00 00 4E 20
(1771612026.299926) can1 00000000 [4] 00 00 4E 20
(1771612026.309208) can1 0000296F [8] 00 17 00 00 00 00 35 00
(1771612026.309866) can1 00000000 [4] 00 00 4E 20
(1771612026.319919) can1 00000000 [4] 00 00 4E 20
(1771612026.329210) can1 0000296F [8] 00 17 00 00 00 00 35 00
(1771612026.329904) can1 00000000 [4] 00 00 4E 20
(1771612026.339865) can1 00000000 [4] 00 00 4E 20
(1771612026.349206) can1 0000296F [8] 00 17 00 00 00 00 35 00
(1771612026.349859) can1 00000000 [4] 00 00 4E 20
(1771612026.359861) can1 00000000 [4] 00 00 4E 20
(1771612026.369207) can1 0000296F [8] 00 17 00 00 00 00 35 00
(1771612026.369848) can1 00000000 [4] 00 00 4E 20
(1771612026.379949) can1 00000000 [4] 00 00 4E 20
(1771612026.389210) can1 0000296F [8] 00 17 00 00 00 00 35 00
(1771612026.389895) can1 00000000 [4] 00 00 4E 20
(1771612026.399939) can1 00000000 [4] 00 00 4E 20
(1771612026.409206) can1 0000296F [8] 00 17 00 00 00 00 35 00
(1771612026.409878) can1 00000000 [4] 00 00 4E 20
(1771612026.419863) can1 00000000 [4] 00 00 4E 20
(1771612026.429206) can1 0000296F [8] 00 17 00 00 00 00 35 00
(1771612026.429868) can1 00000000 [4] 00 00 4E 20
(1771612026.439931) can1 00000000 [4] 00 00 4E 20
(1771612026.449204) can1 0000296F [8] 00 17 FF FF 00 00 35 00
(1771612026.449872) can1 00000000 [4] 00 00 4E 20
(1771612026.459923) can1 00000000 [4] 00 00 4E 20
(1771612026.469207) can1 0000296F [8] 00 17 00 00 00 00 35 00
(1771612026.469932) can1 00000000 [4] 00 00 4E 20
(1771612026.479960) can1 00000000 [4] 00 00 4E 20
(1771612026.489207) can1 0000296F [8] 00 17 00 00 00 00 35 00
(1771612026.489897) can1 00000000 [4] 00 00 4E 20
(1771612026.499880) can1 00000000 [4] 00 00 4E 20
(1771612026.509181) can1 0000296F [8] 00 17 00 00 00 00 35 00
(1771612026.509887) can1 00000000 [4] 00 00 4E 20
(1771612026.519855) can1 00000000 [4] 00 00 4E 20
(1771612026.529180) can1 0000296F [8] 00 17 00 00 00 00 35 00
(1771612026.529894) can1 00000000 [4] 00 00 4E 20
(1771612026.539855) can1 00000000 [4] 00 00 4E 20
(1771612026.549202) can1 0000296F [8] 00 17 00 00 00 00 35 00
(1771612026.549877) can1 00000000 [4] 00 00 4E 20
(1771612026.559870) can1 00000000 [4] 00 00 4E 20
(1771612026.569205) can1 0000296F [8] 00 17 00 00 00 00 35 00
(1771612026.569891) can1 00000000 [4] 00 00 4E 20
(1771612026.579941) can1 00000000 [4] 00 00 4E 20
(1771612026.589221) can1 0000296F [8] 00 17 00 00 00 00 35 00
(1771612026.589949) can1 00000000 [4] 00 00 4E 20
(1771612026.599964) can1 00000000 [4] 00 00 4E 20
(1771612026.609204) can1 0000296F [8] 00 17 00 00 00 00 35 00
(1771612026.609883) can1 00000000 [4] 00 00 4E 20
(1771612026.619871) can1 00000000 [4] 00 00 4E 20
(1771612026.629206) can1 0000296F [8] 00 17 FF FF 00 00 35 00
(1771612026.629882) can1 00000000 [4] 00 00 4E 20
(1771612026.639950) can1 00000000 [4] 00 00 4E 20
(1771612026.649132) can1 0000296F [8] 00 17 00 00 00 00 35 00
(1771612026.649870) can1 00000000 [4] 00 00 4E 20
(1771612026.659888) can1 00000000 [4] 00 00 4E 20
(1771612026.669132) can1 0000296F [8] 00 17 00 00 00 00 35 00
(1771612026.669888) can1 00000000 [4] 00 00 4E 20
(1771612026.679939) can1 00000000 [4] 00 00 4E 20
(1771612026.689132) can1 0000296F [8] 00 17 00 00 00 00 35 00
(1771612026.689901) can1 00000000 [4] 00 00 4E 20
(1771612026.699933) can1 00000000 [4] 00 00 4E 20
(1771612026.709133) can1 0000296F [8] 00 17 00 00 00 00 35 00
(1771612026.709939) can1 00000000 [4] 00 00 4E 20
(1771612026.723123) can1 00000000 [8] FF FF FF FF FF FF FF FD
(1771612026.729162) can1 0000296F [8] 00 17 00 00 00 00 35 00
(1771612026.749156) can1 0000296F [8] 00 17 00 00 00 00 35 00
(1771612026.769200) can1 0000296F [8] 00 17 00 00 00 00 35 00
(1771612026.789228) can1 0000296F [8] 00 17 00 00 00 00 35 00
(1771612026.809204) can1 0000296F [8] 00 17 00 00 00 00 35 00
(1771612026.829222) can1 0000296F [8] 00 17 00 01 00 00 35 00
(1771612026.849220) can1 0000296F [8] 00 17 00 00 00 00 35 00
(1771612026.869188) can1 0000296F [8] 00 17 00 00 00 00 35 00
(1771612026.889258) can1 0000296F [8] 00 17 00 00 00 00 35 00
(1771612026.909199) can1 0000296F [8] 00 17 00 00 00 00 35 00
(1771612026.929240) can1 0000296F [8] 00 17 00 00 00 00 35 00
(1771612026.949218) can1 0000296F [8] 00 17 00 00 00 00 35 00
(1771612026.969193) can1 0000296F [8] 00 17 00 00 00 00 35 00
(1771612026.989208) can1 0000296F [8] 00 17 00 00 00 00 35 00
(1771612027.009232) can1 0000296F [8] 00 17 00 00 00 00 35 00
(1771612027.029259) can1 0000296F [8] 00 17 00 00 00 00 35 00
(1771612027.049225) can1 0000296F [8] 00 17 00 00 00 00 35 00
(1771612027.069198) can1 0000296F [8] 00 17 00 00 00 00 35 00
(1771612027.089213) can1 0000296F [8] 00 17 00 01 00 00 35 00
(1771612027.109200) can1 0000296F [8] 00 17 00 00 00 00 35 00
(1771612027.129207) can1 0000296F [8] 00 17 00 00 00 00 35 00
(1771612027.149203) can1 0000296F [8] 00 17 00 00 00 00 35 00
(1771612027.169229) can1 0000296F [8] 00 17 00 00 00 00 35 00
(1771612027.189222) can1 0000296F [8] 00 17 00 00 00 00 35 00
(1771612027.209207) can1 0000296F [8] 00 17 00 00 00 00 35 00
(1771612027.229200) can1 0000296F [8] 00 17 00 00 00 00 35 00
(1771612027.249199) can1 0000296F [8] 00 17 00 00 00 00 35 00
(1771612027.269203) can1 0000296F [8] 00 17 FF FF 00 00 35 00
(1771612027.289192) can1 0000296F [8] 00 17 00 00 00 00 35 00
(1771612027.309200) can1 0000296F [8] 00 17 00 00 00 00 35 00
(1771612027.329193) can1 0000296F [8] 00 17 00 00 00 00 35 00
(1771612027.349198) can1 0000296F [8] 00 17 00 00 00 00 35 00
(1771612027.369123) can1 0000296F [8] 00 17 00 00 00 00 35 00
(1771612027.389186) can1 0000296F [8] 00 17 00 00 00 00 35 00
(1771612027.409196) can1 0000296F [8] 00 17 00 00 00 00 35 00
(1771612027.429191) can1 0000296F [8] 00 17 00 00 00 00 35 00
(1771612027.449122) can1 0000296F [8] 00 17 00 00 00 00 35 00
(1771612027.469196) can1 0000296F [8] 00 17 00 00 00 00 35 00
(1771612027.489190) can1 0000296F [8] 00 17 00 00 00 00 35 00
(1771612027.509201) can1 0000296F [8] 00 17 00 00 00 00 35 00
(1771612027.529196) can1 0000296F [8] 00 17 00 00 00 00 35 00
(1771612027.549195) can1 0000296F [8] 00 17 00 00 00 00 35 00
(1771612027.569200) can1 0000296F [8] 00 17 00 00 00 00 35 00
(1771612027.589194) can1 0000296F [8] 00 17 00 00 00 00 35 00
(1771612027.609198) can1 0000296F [8] 00 17 00 00 00 00 35 00
(1771612027.629201) can1 0000296F [8] 00 17 00 00 00 00 35 00
(1771612027.649199) can1 0000296F [8] 00 17 00 00 00 00 35 00
(1771612027.669192) can1 0000296F [8] 00 17 00 00 00 00 35 00
(1771612027.689179) can1 0000296F [8] 00 17 00 00 00 00 35 00
(1771612027.709185) can1 0000296F [8] 00 17 00 00 00 00 35 00
(1771612027.729215) can1 0000296F [8] 00 17 00 00 00 00 35 00
(1771612027.749170) can1 0000296F [8] 00 17 00 00 00 00 35 00
(1771612027.769167) can1 0000296F [8] 00 17 00 00 00 00 35 00
(1771612027.789181) can1 0000296F [8] 00 17 00 00 00 00 35 00
(1771612027.809183) can1 0000296F [8] 00 17 00 00 00 00 35 00
(1771612027.829199) can1 0000296F [8] 00 17 00 00 00 00 35 00
(1771612027.849196) can1 0000296F [8] 00 17 00 00 00 00 35 00
(1771612027.869165) can1 0000296F [8] 00 17 00 00 00 00 35 00
(1771612027.889202) can1 0000296F [8] 00 17 00 00 00 00 35 00
(1771612027.909194) can1 0000296F [8] 00 17 00 00 00 00 35 00
(1771612027.929214) can1 0000296F [8] 00 17 00 00 00 00 35 00
(1771612027.949212) can1 0000296F [8] 00 17 00 00 00 00 35 00
(1771612027.969205) can1 0000296F [8] 00 17 00 00 00 00 35 00
(1771612027.989120) can1 0000296F [8] 00 17 00 00 00 00 35 00
(1771612028.009216) can1 0000296F [8] 00 17 00 00 00 00 35 00
(1771612028.029201) can1 0000296F [8] 00 17 00 00 00 00 35 00
(1771612028.049221) can1 0000296F [8] 00 17 00 00 00 00 35 00
(1771612028.069213) can1 0000296F [8] 00 17 00 00 00 00 35 00
(1771612028.089211) can1 0000296F [8] 00 17 00 00 00 00 35 00
(1771612028.109200) can1 0000296F [8] 00 17 00 00 00 00 35 00
(1771612028.129211) can1 0000296F [8] 00 17 00 00 00 00 35 00
(1771612028.149207) can1 0000296F [8] 00 17 00 00 00 00 35 00
(1771612028.169194) can1 0000296F [8] 00 17 00 00 00 00 35 00
(1771612028.189194) can1 0000296F [8] 00 17 00 00 00 00 35 00
(1771612028.209196) can1 0000296F [8] 00 17 00 00 00 00 35 00
(1771612028.229198) can1 0000296F [8] 00 17 00 00 00 00 35 00
(1771612028.249212) can1 0000296F [8] 00 17 00 00 00 00 35 00
(1771612028.269191) can1 0000296F [8] 00 17 00 00 00 00 35 00
(1771612028.289210) can1 0000296F [8] 00 17 00 00 00 00 35 00
(1771612028.309197) can1 0000296F [8] 00 17 00 00 00 00 35 00
(1771612028.329189) can1 0000296F [8] 00 17 00 00 00 00 35 00
(1771612028.349213) can1 0000296F [8] 00 17 00 00 00 00 35 00
(1771612028.369207) can1 0000296F [8] 00 17 00 00 00 00 35 00
(1771612028.389203) can1 0000296F [8] 00 17 00 00 00 00 35 00
(1771612028.409188) can1 0000296F [8] 00 17 00 00 00 00 35 00
(1771612028.429212) can1 0000296F [8] 00 17 00 00 00 00 35 00
(1771612028.449204) can1 0000296F [8] 00 17 00 00 00 00 35 00
(1771612028.469204) can1 0000296F [8] 00 17 00 00 00 00 35 00
(1771612028.489209) can1 0000296F [8] 00 17 00 00 00 00 35 00
(1771612028.509182) can1 0000296F [8] 00 17 00 00 00 00 35 00
(1771612028.529197) can1 0000296F [8] 00 17 00 00 00 00 35 00
(1771612028.549204) can1 0000296F [8] 00 17 00 00 00 00 35 00
(1771612028.569198) can1 0000296F [8] 00 17 00 00 00 00 35 00
(1771612028.589203) can1 0000296F [8] 00 17 00 00 00 00 35 00
(1771612028.609189) can1 0000296F [8] 00 17 00 00 00 00 35 00
(1771612028.629190) can1 0000296F [8] 00 17 00 00 00 00 35 00
(1771612028.649203) can1 0000296F [8] 00 17 00 00 00 00 35 00
(1771612028.669204) can1 0000296F [8] 00 17 00 00 00 00 35 00
(1771612028.689188) can1 0000296F [8] 00 17 00 00 00 00 35 00
(1771612028.709190) can1 0000296F [8] 00 17 00 00 00 00 35 00
(1771612028.729201) can1 0000296F [8] 00 17 00 00 00 00 35 00
(1771612028.749170) can1 0000296F [8] 00 17 00 00 00 00 35 00
(1771612028.769176) can1 0000296F [8] 00 17 00 00 00 00 35 00
(1771612028.789200) can1 0000296F [8] 00 17 00 00 00 00 35 00
(1771612028.809203) can1 0000296F [8] 00 17 00 00 00 00 35 00
(1771612028.829190) can1 0000296F [8] 00 17 00 00 00 00 35 00
(1771612028.849195) can1 0000296F [8] 00 17 00 00 00 00 35 00
(1771612028.869205) can1 0000296F [8] 00 17 00 00 00 00 35 00
(1771612028.889192) can1 0000296F [8] 00 17 00 00 00 00 35 00
(1771612028.909212) can1 0000296F [8] 00 17 00 00 00 00 35 00
(1771612028.929187) can1 0000296F [8] 00 17 00 00 00 00 35 00
(1771612028.949192) can1 0000296F [8] 00 17 00 00 00 00 35 00
(1771612028.969190) can1 0000296F [8] 00 17 00 00 00 00 35 00
(1771612028.989199) can1 0000296F [8] 00 17 00 00 00 00 35 00
(1771612029.009201) can1 0000296F [8] 00 17 00 00 00 00 35 00
(1771612029.029192) can1 0000296F [8] 00 17 00 00 00 00 35 00
(1771612029.049206) can1 0000296F [8] 00 17 00 00 00 00 35 00
