--- CAN1 Logging Start: 2026-02-21 03:25:11.926620 ---
(1771611911.930534) can1 0000296F [8] 00 17 00 00 00 00 35 00
(1771611911.950530) can1 0000296F [8] 00 17 00 00 00 00 35 00
(1771611911.970583) can1 0000296F [8] 00 17 00 00 00 00 35 00
(1771611911.990563) can1 0000296F [8] 00 17 00 00 00 00 35 00
(1771611912.010544) can1 0000296F [8] 00 17 00 00 00 00 35 00
(1771611912.030536) can1 0000296F [8] 00 17 00 00 00 00 35 00
(1771611912.050538) can1 0000296F [8] 00 17 00 00 00 00 35 00
(1771611912.070575) can1 0000296F [8] 00 17 00 00 00 00 35 00
(1771611912.090526) can1 0000296F [8] 00 17 00 00 00 00 35 00
(1771611912.110500) can1 0000296F [8] 00 17 00 00 00 00 35 00
(1771611912.130523) can1 0000296F [8] 00 17 00 00 00 00 35 00
(1771611912.150500) can1 0000296F [8] 00 17 00 00 00 00 35 00
(1771611912.170547) can1 0000296F [8] 00 17 00 00 00 00 35 00
(1771611912.190548) can1 0000296F [8] 00 17 00 00 00 00 35 00
(1771611912.210494) can1 0000296F [8] 00 17 00 00 00 00 35 00
(1771611912.230562) can1 0000296F [8] 00 17 00 00 00 00 35 00
(1771611912.250554) can1 0000296F [8] 00 17 00 00 00 00 35 00
(1771611912.270534) can1 0000296F [8] 00 17 00 00 00 00 35 00
(1771611912.290484) can1 0000296F [8] 00 17 00 00 00 00 35 00
(1771611912.310559) can1 0000296F [8] 00 17 00 00 00 00 35 00
(1771611912.330489) can1 0000296F [8] 00 17 00 01 00 00 35 00
(1771611912.350483) can1 0000296F [8] 00 17 00 00 00 00 35 00
(1771611912.370557) can1 0000296F [8] 00 17 00 00 00 00 35 00
(1771611912.390483) can1 0000296F [8] 00 17 00 00 00 00 35 00
(1771611912.410493) can1 0000296F [8] 00 17 00 00 00 00 35 00
(1771611912.430543) can1 0000296F [8] 00 17 00 00 00 00 35 00
(1771611912.450522) can1 0000296F [8] 00 17 00 00 00 00 35 00
(1771611912.470526) can1 0000296F [8] 00 17 00 00 00 00 35 00
(1771611912.490478) can1 0000296F [8] 00 17 00 00 00 00 35 00
(1771611912.510521) can1 0000296F [8] 00 17 FF FF 00 00 35 00
(1771611912.530525) can1 0000296F [8] 00 17 00 00 00 00 35 00
(1771611912.550497) can1 0000296F [8] 00 17 00 00 00 00 35 00
(1771611912.570490) can1 0000296F [8] 00 17 FF FF 00 00 35 00
(1771611912.590563) can1 0000296F [8] 00 17 00 00 00 00 35 00
(1771611912.610556) can1 0000296F [8] 00 17 00 00 00 00 35 00
(1771611912.630491) can1 0000296F [8] 00 17 00 01 00 00 35 00
(1771611912.650490) can1 0000296F [8] 00 17 00 00 00 00 35 00
(1771611912.670483) can1 0000296F [8] 00 17 00 00 00 00 35 00
(1771611912.690492) can1 0000296F [8] 00 17 00 00 00 00 35 00
(1771611912.710547) can1 0000296F [8] 00 17 00 01 00 00 35 00
(1771611912.730523) can1 0000296F [8] 00 17 00 00 00 00 35 00
(1771611912.750542) can1 0000296F [8] 00 17 00 00 00 00 35 00
(1771611912.770532) can1 0000296F [8] 00 17 00 00 00 00 35 00
(1771611912.790542) can1 0000296F [8] 00 17 00 00 00 00 35 00
(1771611912.810510) can1 0000296F [8] 00 17 00 00 00 00 35 00
(1771611912.830522) can1 0000296F [8] 00 17 00 00 00 00 35 00
(1771611912.850541) can1 0000296F [8] 00 17 00 00 00 00 35 00
(1771611912.870516) can1 0000296F [8] 00 17 FF FF 00 00 35 00
(1771611912.890539) can1 0000296F [8] 00 17 00 00 00 00 35 00
(1771611912.910480) can1 0000296F [8] 00 17 00 00 00 00 35 00
(1771611912.930531) can1 0000296F [8] 00 17 00 00 00 00 35 00
(1771611912.950530) can1 0000296F [8] 00 17 00 00 00 00 35 00
(1771611912.970552) can1 0000296F [8] 00 17 00 00 00 00 35 00
(1771611912.990579) can1 0000296F [8] 00 17 00 00 00 00 35 00
(1771611913.010500) can1 0000296F [8] 00 17 00 00 00 00 35 00
(1771611913.030497) can1 0000296F [8] 00 17 00 00 00 00 35 00
(1771611913.050499) can1 0000296F [8] 00 17 00 00 00 00 35 00
(1771611913.070564) can1 0000296F [8] 00 17 00 00 00 00 35 00
(1771611913.090553) can1 0000296F [8] 00 17 00 00 00 00 35 00
(1771611913.110509) can1 0000296F [8] 00 17 00 00 00 00 35 00
(1771611913.130489) can1 0000296F [8] 00 17 00 00 00 00 35 00
(1771611913.150484) can1 0000296F [8] 00 17 00 00 00 00 35 00
(1771611913.170577) can1 0000296F [8] 00 17 00 00 00 00 35 00
(1771611913.190575) can1 0000296F [8] 00 17 00 00 00 00 35 00
(1771611913.210550) can1 0000296F [8] 00 17 00 00 00 00 35 00
(1771611913.230529) can1 0000296F [8] 00 17 00 00 00 00 35 00
(1771611913.250518) can1 0000296F [8] 00 17 00 00 00 00 35 00
(1771611913.270494) can1 0000296F [8] 00 17 00 00 00 00 35 00
(1771611913.290483) can1 0000296F [8] 00 17 00 00 00 00 35 00
(1771611913.310473) can1 0000296F [8] 00 17 00 00 00 00 35 00
(1771611913.330485) can1 0000296F [8] 00 17 00 00 00 00 35 00
(1771611913.350483) can1 0000296F [8] 00 17 00 00 00 00 35 00
(1771611913.370471) can1 0000296F [8] 00 17 00 00 00 00 35 00
(1771611913.390478) can1 0000296F [8] 00 17 00 00 00 00 35 00
(1771611913.410537) can1 0000296F [8] 00 17 00 00 00 00 35 00
(1771611913.430470) can1 0000296F [8] 00 17 00 00 00 00 35 00
(1771611913.450476) can1 0000296F [8] 00 17 00 00 00 00 35 00
(1771611913.470544) can1 0000296F [8] 00 17 00 00 00 00 35 00
(1771611913.490527) can1 0000296F [8] 00 17 00 00 00 00 35 00
(1771611913.510539) can1 0000296F [8] 00 17 00 00 00 00 35 00
(1771611913.530546) can1 0000296F [8] 00 17 00 00 00 00 35 00
(1771611913.550546) can1 0000296F [8] 00 17 00 00 00 00 35 00
(1771611913.570547) can1 0000296F [8] 00 17 00 00 00 00 35 00
(1771611913.590547) can1 0000296F [8] 00 17 00 00 00 00 35 00
(1771611913.610509) can1 0000296F [8] 00 17 00 00 00 00 35 00
(1771611913.630528) can1 0000296F [8] 00 17 00 00 00 00 35 00
(1771611913.650543) can1 0000296F [8] 00 17 00 00 00 00 35 00
(1771611913.670480) can1 0000296F [8] 00 17 00 00 00 00 35 00
(1771611913.690465) can1 0000296F [8] 00 17 00 00 00 00 35 00
(1771611913.710470) can1 0000296F [8] 00 17 00 00 00 00 35 00
(1771611913.730467) can1 0000296F [8] 00 17 00 00 00 00 35 00
(1771611913.750479) can1 0000296F [8] 00 17 00 00 00 00 35 00
(1771611913.770474) can1 0000296F [8] 00 17 00 00 00 00 35 00
(1771611913.790493) can1 0000296F [8] 00 17 00 00 00 00 35 00
(1771611913.810546) can1 0000296F [8] 00 17 00 00 00 00 35 00
(1771611913.830522) can1 0000296F [8] 00 17 00 00 00 00 35 00
(1771611913.850508) can1 0000296F [8] 00 17 00 00 00 00 35 00
(1771611913.870508) can1 0000296F [8] 00 17 00 00 00 00 35 00
(1771611913.890480) can1 0000296F [8] 00 17 00 00 00 00 35 00
(1771611913.910542) can1 0000296F [8] 00 17 00 00 00 00 35 00
(1771611913.930516) can1 0000296F [8] 00 17 00 00 00 00 35 00
(1771611913.950549) can1 0000296F [8] 00 17 00 00 00 00 35 00
(1771611913.970502) can1 0000296F [8] 00 17 00 00 00 00 35 00
(1771611913.990534) can1 0000296F [8] 00 17 00 00 00 00 35 00
(1771611914.010472) can1 0000296F [8] 00 17 00 00 00 00 35 00
(1771611914.030528) can1 0000296F [8] 00 17 00 00 00 00 35 00
(1771611914.050468) can1 0000296F [8] 00 17 00 00 00 00 35 00
(1771611914.070482) can1 0000296F [8] 00 17 00 01 00 00 35 00
(1771611914.090475) can1 0000296F [8] 00 17 00 00 00 00 35 00
(1771611914.110462) can1 0000296F [8] 00 17 00 00 00 00 35 00
(1771611914.130525) can1 0000296F [8] 00 17 00 00 00 00 35 00
(1771611914.150531) can1 0000296F [8] 00 17 00 00 00 00 35 00
(1771611914.170533) can1 0000296F [8] 00 17 00 00 00 00 35 00
(1771611914.190532) can1 0000296F [8] 00 17 00 00 00 00 35 00
(1771611914.210530) can1 0000296F [8] 00 17 00 00 00 00 35 00
(1771611914.230528) can1 0000296F [8] 00 17 00 00 00 00 35 00
(1771611914.250527) can1 0000296F [8] 00 17 00 00 00 00 35 00
(1771611914.270499) can1 0000296F [8] 00 17 00 00 00 00 35 00
(1771611914.290533) can1 0000296F [8] 00 17 00 00 00 00 35 00
(1771611914.310522) can1 0000296F [8] 00 17 00 00 00 00 35 00
(1771611914.330504) can1 0000296F [8] 00 17 00 00 00 00 35 00
(1771611914.350522) can1 0000296F [8] 00 17 00 00 00 00 35 00
(1771611914.370475) can1 0000296F [8] 00 17 00 00 00 00 35 00
(1771611914.390527) can1 0000296F [8] 00 17 00 00 00 00 35 00
(1771611914.410530) can1 0000296F [8] 00 17 00 00 00 00 35 00
(1771611914.430522) can1 0000296F [8] 00 17 00 00 00 00 35 00
(1771611914.450520) can1 0000296F [8] 00 17 00 00 00 00 35 00
(1771611914.470536) can1 0000296F [8] 00 17 00 00 00 00 35 00
(1771611914.490535) can1 0000296F [8] 00 17 00 00 00 00 35 00
(1771611914.510455) can1 0000296F [8] 00 17 00 00 00 00 35 00
(1771611914.530519) can1 0000296F [8] 00 17 00 00 00 00 35 00
(1771611914.550494) can1 0000296F [8] 00 17 00 00 00 00 35 00
(1771611914.570533) can1 0000296F [8] 00 17 00 00 00 00 35 00
(1771611914.590530) can1 0000296F [8] 00 17 00 00 00 00 35 00
(1771611914.610516) can1 0000296F [8] 00 17 00 00 00 00 35 00
(1771611914.630604) can1 0000296F [8] 00 17 00 00 00 00 35 00
(1771611914.650461) can1 0000296F [8] 00 17 00 00 00 00 35 00
(1771611914.670492) can1 0000296F [8] 00 17 00 01 00 00 35 00
(1771611914.690496) can1 0000296F [8] 00 17 00 00 00 00 35 00
(1771611914.710467) can1 0000296F [8] 00 17 00 00 00 00 35 00
(1771611914.730533) can1 0000296F [8] 00 17 00 00 00 00 35 00
(1771611914.750469) can1 0000296F [8] 00 17 00 00 00 00 35 00
(1771611914.770577) can1 0000296F [8] 00 17 00 00 00 00 35 00
(1771611914.790493) can1 0000296F [8] 00 17 00 00 00 00 35 00
(1771611914.810537) can1 0000296F [8] 00 17 00 00 00 00 35 00
(1771611914.830521) can1 0000296F [8] 00 17 00 00 00 00 35 00
(1771611914.850536) can1 0000296F [8] 00 17 00 00 00 00 35 00
(1771611914.870547) can1 0000296F [8] 00 17 00 00 00 00 35 00
(1771611914.890545) can1 0000296F [8] 00 17 00 00 00 00 35 00
(1771611914.910458) can1 0000296F [8] 00 17 00 00 00 00 35 00
(1771611914.930538) can1 0000296F [8] 00 17 00 00 00 00 35 00
(1771611914.950517) can1 0000296F [8] 00 17 00 00 00 00 35 00
(1771611914.970473) can1 0000296F [8] 00 17 00 00 00 00 35 00
(1771611914.990467) can1 0000296F [8] 00 17 00 00 00 00 35 00
(1771611915.010463) can1 0000296F [8] 00 17 00 00 00 00 35 00
(1771611915.030466) can1 0000296F [8] 00 17 00 00 00 00 35 00
(1771611915.050458) can1 0000296F [8] 00 17 00 00 00 00 35 00
(1771611915.070470) can1 0000296F [8] 00 17 00 00 00 00 35 00
(1771611915.090553) can1 0000296F [8] 00 17 00 00 00 00 35 00
(1771611915.110543) can1 0000296F [8] 00 17 00 00 00 00 35 00
(1771611915.130550) can1 0000296F [8] 00 17 00 00 00 00 35 00
(1771611915.150476) can1 0000296F [8] 00 17 00 00 00 00 35 00
(1771611915.170548) can1 0000296F [8] 00 17 00 00 00 00 35 00
(1771611915.190507) can1 0000296F [8] 00 17 00 00 00 00 35 00
(1771611915.210459) can1 0000296F [8] 00 17 00 00 00 00 35 00
(1771611915.230543) can1 0000296F [8] 00 17 00 00 00 00 35 00
(1771611915.250540) can1 0000296F [8] 00 17 00 00 00 00 35 00
(1771611915.270541) can1 0000296F [8] 00 17 00 00 00 00 35 00
(1771611915.290458) can1 0000296F [8] 00 17 00 00 00 00 35 00
(1771611915.310545) can1 0000296F [8] 00 17 00 00 00 00 35 00
(1771611915.330517) can1 0000296F [8] 00 17 00 00 00 00 35 00
(1771611915.350535) can1 0000296F [8] 00 17 00 00 00 00 35 00
(1771611915.370533) can1 0000296F [8] 00 17 00 00 00 00 35 00
(1771611915.390542) can1 0000296F [8] 00 17 00 00 00 00 35 00
(1771611915.410470) can1 0000296F [8] 00 17 00 00 00 00 35 00
(1771611915.430453) can1 0000296F [8] 00 17 00 00 00 00 35 00
(1771611915.450469) can1 0000296F [8] 00 17 00 00 00 00 35 00
(1771611915.470456) can1 0000296F [8] 00 17 00 00 00 00 35 00
(1771611915.490544) can1 0000296F [8] 00 17 00 00 00 00 35 00
(1771611915.510504) can1 0000296F [8] 00 17 00 00 00 00 35 00
(1771611915.530461) can1 0000296F [8] 00 17 00 00 00 00 35 00
(1771611915.550453) can1 0000296F [8] 00 17 00 00 00 00 35 00
(1771611915.570464) can1 0000296F [8] 00 17 00 00 00 00 35 00
(1771611915.590536) can1 0000296F [8] 00 17 00 00 00 00 35 00
(1771611915.610468) can1 0000296F [8] 00 17 00 00 00 00 35 00
(1771611915.630549) can1 0000296F [8] 00 17 FF FF 00 00 35 00
(1771611915.650536) can1 0000296F [8] 00 17 00 00 00 00 35 00
(1771611915.670453) can1 0000296F [8] 00 17 00 00 00 00 35 00
(1771611915.690460) can1 0000296F [8] 00 17 00 00 00 00 35 00
(1771611915.710462) can1 0000296F [8] 00 17 00 00 00 00 35 00
(1771611915.730457) can1 0000296F [8] 00 17 00 00 00 00 35 00
(1771611915.750525) can1 0000296F [8] 00 17 00 00 00 00 35 00
(1771611915.770449) can1 0000296F [8] 00 17 00 00 00 00 35 00
(1771611915.790458) can1 0000296F [8] 00 17 00 00 00 00 35 00
(1771611915.810458) can1 0000296F [8] 00 17 00 00 00 00 35 00
(1771611915.830476) can1 0000296F [8] 00 17 00 00 00 00 35 00
(1771611915.850536) can1 0000296F [8] 00 17 00 00 00 00 35 00
(1771611915.870528) can1 0000296F [8] 00 17 00 01 00 00 35 00
(1771611915.890529) can1 0000296F [8] 00 17 00 00 00 00 35 00
(1771611915.910527) can1 0000296F [8] 00 17 00 00 00 00 35 00
(1771611915.930529) can1 0000296F [8] 00 17 00 00 00 00 35 00
(1771611915.950519) can1 0000296F [8] 00 17 00 00 00 00 35 00
(1771611915.970528) can1 0000296F [8] 00 17 00 00 00 00 35 00
(1771611915.990538) can1 0000296F [8] 00 17 00 00 00 00 35 00
(1771611916.010470) can1 0000296F [8] 00 17 00 00 00 00 35 00
(1771611916.030520) can1 0000296F [8] 00 17 00 00 00 00 35 00
(1771611916.050474) can1 0000296F [8] 00 17 00 00 00 00 35 00
(1771611916.070539) can1 0000296F [8] 00 17 00 00 00 00 35 00
(1771611916.090511) can1 0000296F [8] 00 17 00 01 00 00 35 00
(1771611916.110531) can1 0000296F [8] 00 17 00 00 00 00 35 00
(1771611916.130513) can1 0000296F [8] 00 17 00 00 00 00 35 00
(1771611916.150516) can1 0000296F [8] 00 17 00 00 00 00 35 00
(1771611916.170521) can1 0000296F [8] 00 17 00 00 00 00 35 00
(1771611916.190519) can1 0000296F [8] 00 17 00 00 00 00 35 00
(1771611916.210533) can1 0000296F [8] 00 17 00 00 00 00 35 00
(1771611916.230527) can1 0000296F [8] 00 17 00 00 00 00 35 00
(1771611916.250514) can1 0000296F [8] 00 17 00 00 00 00 35 00
(1771611916.270525) can1 0000296F [8] 00 17 FF FF 00 00 35 00
(1771611916.290459) can1 0000296F [8] 00 17 00 00 00 00 35 00
(1771611916.310459) can1 0000296F [8] 00 17 00 00 00 00 35 00
(1771611916.330456) can1 0000296F [8] 00 17 00 00 00 00 35 00
(1771611916.350449) can1 0000296F [8] 00 17 00 00 00 00 35 00
(1771611916.370534) can1 0000296F [8] 00 17 00 00 00 00 35 00
(1771611916.390523) can1 0000296F [8] 00 17 00 00 00 00 35 00
(1771611916.410519) can1 0000296F [8] 00 17 00 00 00 00 35 00
(1771611916.430521) can1 0000296F [8] 00 17 00 00 00 00 35 00
(1771611916.450521) can1 0000296F [8] 00 17 00 00 00 00 35 00
(1771611916.470458) can1 0000296F [8] 00 17 00 00 00 00 35 00
(1771611916.490518) can1 0000296F [8] 00 17 00 00 00 00 35 00
(1771611916.510526) can1 0000296F [8] 00 17 00 00 00 00 35 00
(1771611916.530523) can1 0000296F [8] 00 17 00 00 00 00 35 00
(1771611916.550447) can1 0000296F [8] 00 17 00 00 00 00 35 00
(1771611916.570522) can1 0000296F [8] 00 17 00 00 00 00 35 00
(1771611916.590527) can1 0000296F [8] 00 17 00 00 00 00 35 00
(1771611916.610525) can1 0000296F [8] 00 17 00 00 00 00 35 00
(1771611916.630459) can1 0000296F [8] 00 17 00 00 00 00 35 00
(1771611916.650448) can1 0000296F [8] 00 17 00 00 00 00 35 00
(1771611916.670519) can1 0000296F [8] 00 17 00 00 00 00 35 00
(1771611916.690523) can1 0000296F [8] 00 17 00 00 00 00 35 00
(1771611916.710523) can1 0000296F [8] 00 17 00 00 00 00 35 00
(1771611916.730454) can1 0000296F [8] 00 17 00 00 00 00 35 00
(1771611916.750451) can1 0000296F [8] 00 17 00 01 00 00 35 00
(1771611916.770513) can1 0000296F [8] 00 17 00 00 00 00 35 00
(1771611916.790443) can1 0000296F [8] 00 17 00 00 00 00 35 00
(1771611916.810453) can1 0000296F [8] 00 17 00 00 00 00 35 00
(1771611916.830489) can1 0000296F [8] 00 17 00 01 00 00 35 00
(1771611916.850506) can1 0000296F [8] 00 17 00 00 00 00 35 00
(1771611916.870455) can1 0000296F [8] 00 17 00 00 00 00 35 00
(1771611916.890444) can1 0000296F [8] 00 17 00 00 00 00 35 00
(1771611916.910447) can1 0000296F [8] 00 17 00 00 00 00 35 00
(1771611916.930513) can1 0000296F [8] 00 17 00 00 00 00 35 00
(1771611916.950514) can1 0000296F [8] 00 17 00 00 00 00 35 00
(1771611916.970517) can1 0000296F [8] 00 17 00 00 00 00 35 00
(1771611916.990516) can1 0000296F [8] 00 17 00 00 00 00 35 00
(1771611917.010511) can1 0000296F [8] 00 17 00 00 00 00 35 00
(1771611917.030511) can1 0000296F [8] 00 17 00 00 00 00 35 00
(1771611917.050514) can1 0000296F [8] 00 17 00 00 00 00 35 00
(1771611917.070512) can1 0000296F [8] 00 17 00 00 00 00 35 00
(1771611917.090517) can1 0000296F [8] 00 17 00 00 00 00 35 00
(1771611917.110444) can1 0000296F [8] 00 17 00 00 00 00 35 00
(1771611917.130528) can1 0000296F [8] 00 17 FF FF 00 00 35 00
(1771611917.150519) can1 0000296F [8] 00 17 00 00 00 00 35 00
(1771611917.170521) can1 0000296F [8] 00 17 00 00 00 00 35 00
(1771611917.190441) can1 0000296F [8] 00 17 00 00 00 00 35 00
(1771611917.210498) can1 0000296F [8] 00 17 00 00 00 00 35 00
(1771611917.230504) can1 0000296F [8] 00 17 00 00 00 00 35 00
(1771611917.250503) can1 0000296F [8] 00 17 00 00 00 00 35 00
(1771611917.270502) can1 0000296F [8] 00 17 00 00 00 00 35 00
(1771611917.290517) can1 0000296F [8] 00 17 00 00 00 00 35 00
(1771611917.310438) can1 0000296F [8] 00 17 00 00 00 00 35 00
(1771611917.330506) can1 0000296F [8] 00 17 00 00 00 00 35 00
(1771611917.350520) can1 0000296F [8] 00 17 00 00 00 00 35 00
(1771611917.370468) can1 0000296F [8] 00 17 FF FF 00 00 35 00
(1771611917.390507) can1 0000296F [8] 00 17 00 00 00 00 35 00
(1771611917.410493) can1 0000296F [8] 00 17 00 00 00 00 35 00
(1771611917.430440) can1 0000296F [8] 00 17 00 00 00 00 35 00
(1771611917.450505) can1 0000296F [8] 00 17 00 00 00 00 35 00
(1771611917.470443) can1 0000296F [8] 00 17 00 00 00 00 35 00
(1771611917.490512) can1 0000296F [8] 00 17 FF FF 00 00 35 00
(1771611917.510503) can1 0000296F [8] 00 17 00 00 00 00 35 00
(1771611917.530437) can1 0000296F [8] 00 17 00 00 00 00 35 00
(1771611917.550507) can1 0000296F [8] 00 17 00 00 00 00 35 00
(1771611917.570433) can1 0000296F [8] 00 17 00 00 00 00 35 00
(1771611917.590462) can1 0000296F [8] 00 17 00 00 00 00 35 00
(1771611917.610482) can1 0000296F [8] 00 17 00 00 00 00 35 00
(1771611917.630514) can1 0000296F [8] 00 17 00 00 00 00 35 00
(1771611917.650499) can1 0000296F [8] 00 17 00 00 00 00 35 00
(1771611917.670471) can1 0000296F [8] 00 17 00 00 00 00 35 00
(1771611917.690463) can1 0000296F [8] 00 17 00 00 00 00 35 00
(1771611917.710511) can1 0000296F [8] 00 17 00 00 00 00 35 00
(1771611917.730510) can1 0000296F [8] 00 17 00 00 00 00 35 00
(1771611917.750467) can1 0000296F [8] 00 17 00 00 00 00 35 00
(1771611917.770438) can1 0000296F [8] 00 17 00 00 00 00 35 00
(1771611917.790498) can1 0000296F [8] 00 17 00 00 00 00 35 00
(1771611917.810489) can1 0000296F [8] 00 17 00 00 00 00 35 00
(1771611917.830483) can1 0000296F [8] 00 17 00 00 00 00 35 00
(1771611917.850480) can1 0000296F [8] 00 17 00 00 00 00 35 00
(1771611917.870493) can1 0000296F [8] 00 17 00 00 00 00 35 00
(1771611917.890502) can1 0000296F [8] 00 17 00 00 00 00 35 00
(1771611917.910464) can1 0000296F [8] 00 17 00 00 00 00 35 00
(1771611917.930426) can1 0000296F [8] 00 17 00 00 00 00 35 00
(1771611917.950496) can1 0000296F [8] 00 17 00 00 00 00 35 00
(1771611917.970519) can1 0000296F [8] 00 17 00 00 00 00 35 00
(1771611917.990445) can1 0000296F [8] 00 17 FF FF 00 00 35 00
(1771611918.010432) can1 0000296F [8] 00 17 00 00 00 00 35 00
(1771611918.030427) can1 0000296F [8] 00 17 00 00 00 00 35 00
(1771611918.050515) can1 0000296F [8] 00 17 00 00 00 00 35 00
(1771611918.070499) can1 0000296F [8] 00 17 00 00 00 00 35 00
(1771611918.090492) can1 0000296F [8] 00 17 00 00 00 00 35 00
(1771611918.110507) can1 0000296F [8] 00 17 00 00 00 00 35 00
(1771611918.130499) can1 0000296F [8] 00 17 00 00 00 00 35 00
(1771611918.150504) can1 0000296F [8] 00 17 00 01 00 00 35 00
(1771611918.170515) can1 0000296F [8] 00 17 00 00 00 00 35 00
(1771611918.190513) can1 0000296F [8] 00 17 00 00 00 00 35 00
(1771611918.210434) can1 0000296F [8] 00 17 00 00 00 00 35 00
(1771611918.230495) can1 0000296F [8] 00 17 00 00 00 00 35 00
(1771611918.250507) can1 0000296F [8] 00 17 00 00 00 00 35 00
(1771611918.270519) can1 0000296F [8] 00 17 00 00 00 00 35 00
(1771611918.290424) can1 0000296F [8] 00 17 00 00 00 00 35 00
(1771611918.310417) can1 0000296F [8] 00 17 00 00 00 00 35 00
(1771611918.330428) can1 0000296F [8] 00 17 00 00 00 00 35 00
(1771611918.350427) can1 0000296F [8] 00 17 00 00 00 00 35 00
(1771611918.370505) can1 0000296F [8] 00 17 00 00 00 00 35 00
(1771611918.390419) can1 0000296F [8] 00 17 00 00 00 00 35 00
(1771611918.410445) can1 0000296F [8] 00 17 00 00 00 00 35 00
(1771611918.430501) can1 0000296F [8] 00 17 00 00 00 00 35 00
(1771611918.450501) can1 0000296F [8] 00 17 00 00 00 00 35 00
(1771611918.470502) can1 0000296F [8] 00 17 00 00 00 00 35 00
(1771611918.490497) can1 0000296F [8] 00 17 00 00 00 00 35 00
(1771611918.510462) can1 0000296F [8] 00 17 00 00 00 00 35 00
(1771611918.530492) can1 0000296F [8] 00 17 00 00 00 00 35 00
(1771611918.550495) can1 0000296F [8] 00 17 00 00 00 00 35 00
(1771611918.570433) can1 0000296F [8] 00 17 00 00 00 00 35 00
(1771611918.590421) can1 0000296F [8] 00 17 00 00 00 00 35 00
(1771611918.610473) can1 0000296F [8] 00 17 00 00 00 00 35 00
(1771611918.630428) can1 0000296F [8] 00 17 00 00 00 00 35 00
(1771611918.650419) can1 0000296F [8] 00 17 00 00 00 00 35 00
(1771611918.670507) can1 0000296F [8] 00 17 00 00 00 00 35 00
(1771611918.690509) can1 0000296F [8] 00 17 00 00 00 00 35 00
(1771611918.710431) can1 0000296F [8] 00 17 00 00 00 00 35 00
(1771611918.730490) can1 0000296F [8] 00 17 00 00 00 00 35 00
(1771611918.750506) can1 0000296F [8] 00 17 00 00 00 00 35 00
(1771611918.770501) can1 0000296F [8] 00 17 00 00 00 00 35 00
(1771611918.790489) can1 0000296F [8] 00 17 00 00 00 00 35 00
(1771611918.810502) can1 0000296F [8] 00 17 00 00 00 00 35 00
(1771611918.830496) can1 0000296F [8] 00 17 00 00 00 00 35 00
(1771611918.850504) can1 0000296F [8] 00 17 00 00 00 00 35 00
(1771611918.870432) can1 0000296F [8] 00 17 00 00 00 00 35 00
(1771611918.890497) can1 0000296F [8] 00 17 00 00 00 00 35 00
(1771611918.910502) can1 0000296F [8] 00 17 00 00 00 00 35 00
(1771611918.930505) can1 0000296F [8] 00 17 00 01 00 00 35 00
(1771611918.950500) can1 0000296F [8] 00 17 00 00 00 00 35 00
(1771611918.970495) can1 0000296F [8] 00 17 00 00 00 00 35 00
(1771611918.990489) can1 0000296F [8] 00 17 00 00 00 00 35 00
(1771611919.010417) can1 0000296F [8] 00 17 00 00 00 00 35 00
(1771611919.030419) can1 0000296F [8] 00 17 00 00 00 00 35 00
(1771611919.050493) can1 0000296F [8] 00 17 00 00 00 00 35 00
(1771611919.070431) can1 0000296F [8] 00 17 00 00 00 00 35 00
(1771611919.090488) can1 0000296F [8] 00 17 00 00 00 00 35 00
(1771611919.110427) can1 0000296F [8] 00 17 00 00 00 00 35 00
(1771611919.130425) can1 0000296F [8] 00 17 00 00 00 00 35 00
(1771611919.150413) can1 0000296F [8] 00 17 00 00 00 00 35 00
(1771611919.170502) can1 0000296F [8] 00 17 00 00 00 00 35 00
(1771611919.190424) can1 0000296F [8] 00 17 00 00 00 00 35 00
(1771611919.210418) can1 0000296F [8] 00 17 00 00 00 00 35 00
(1771611919.230490) can1 0000296F [8] 00 17 00 00 00 00 35 00
(1771611919.250490) can1 0000296F [8] 00 17 00 00 00 00 35 00
(1771611919.270500) can1 0000296F [8] 00 17 FF FF 00 00 35 00
(1771611919.290467) can1 0000296F [8] 00 17 00 00 00 00 35 00
(1771611919.310497) can1 0000296F [8] 00 17 00 00 00 00 35 00
(1771611919.330411) can1 0000296F [8] 00 17 00 00 00 00 35 00
(1771611919.350481) can1 0000296F [8] 00 17 00 00 00 00 35 00
(1771611919.370485) can1 0000296F [8] 00 17 00 00 00 00 35 00
(1771611919.390483) can1 0000296F [8] 00 17 00 00 00 00 35 00
(1771611919.410481) can1 0000296F [8] 00 17 00 00 00 00 35 00
(1771611919.430431) can1 0000296F [8] 00 17 00 00 00 00 35 00
(1771611919.450413) can1 0000296F [8] 00 17 00 00 00 00 35 00
(1771611919.470496) can1 0000296F [8] 00 17 00 01 00 00 35 00
(1771611919.490499) can1 0000296F [8] 00 17 00 00 00 00 35 00
(1771611919.510487) can1 0000296F [8] 00 17 00 01 00 00 35 00
(1771611919.530502) can1 0000296F [8] 00 17 00 00 00 00 35 00
(1771611919.550419) can1 0000296F [8] 00 17 00 00 00 00 35 00
(1771611919.570477) can1 0000296F [8] 00 17 00 00 00 00 35 00
(1771611919.590490) can1 0000296F [8] 00 17 00 00 00 00 35 00
(1771611919.610429) can1 0000296F [8] 00 17 00 00 00 00 35 00
(1771611919.630458) can1 0000296F [8] 00 17 00 00 00 00 35 00
(1771611919.650472) can1 0000296F [8] 00 17 00 00 00 00 35 00
(1771611919.670479) can1 0000296F [8] 00 17 00 01 00 00 35 00
(1771611919.690491) can1 0000296F [8] 00 17 00 00 00 00 35 00
(1771611919.710492) can1 0000296F [8] 00 17 00 00 00 00 35 00
(1771611919.730418) can1 0000296F [8] 00 17 00 00 00 00 35 00
(1771611919.750473) can1 0000296F [8] 00 17 00 00 00 00 35 00
(1771611919.770475) can1 0000296F [8] 00 17 00 00 00 00 35 00
(1771611919.790491) can1 0000296F [8] 00 17 00 00 00 00 35 00
(1771611919.810420) can1 0000296F [8] 00 17 00 00 00 00 35 00
(1771611919.830400) can1 0000296F [8] 00 17 00 00 00 00 35 00
(1771611919.850414) can1 0000296F [8] 00 17 00 00 00 00 35 00
(1771611919.870406) can1 0000296F [8] 00 17 00 00 00 00 35 00
(1771611919.890431) can1 0000296F [8] 00 17 00 00 00 00 35 00
(1771611919.910488) can1 0000296F [8] 00 17 00 00 00 00 35 00
(1771611919.930509) can1 0000296F [8] 00 17 00 00 00 00 35 00
(1771611919.950484) can1 0000296F [8] 00 17 00 00 00 00 35 00
(1771611919.970425) can1 0000296F [8] 00 17 00 00 00 00 35 00
(1771611919.990501) can1 0000296F [8] 00 17 00 00 00 00 35 00
(1771611920.010487) can1 0000296F [8] 00 17 00 00 00 00 35 00
(1771611920.030468) can1 0000296F [8] 00 17 FF FF 00 00 35 00
(1771611920.050446) can1 0000296F [8] 00 17 00 00 00 00 35 00
(1771611920.070400) can1 0000296F [8] 00 17 00 00 00 00 35 00
(1771611920.090489) can1 0000296F [8] 00 17 00 00 00 00 35 00
(1771611920.110485) can1 0000296F [8] 00 17 00 00 00 00 35 00
(1771611920.130490) can1 0000296F [8] 00 17 00 00 00 00 35 00
(1771611920.150419) can1 0000296F [8] 00 17 00 00 00 00 35 00
(1771611920.170474) can1 0000296F [8] 00 17 00 00 00 00 35 00
(1771611920.190397) can1 0000296F [8] 00 17 00 00 00 00 35 00
(1771611920.210491) can1 0000296F [8] 00 17 00 01 00 00 35 00
(1771611920.230491) can1 0000296F [8] 00 17 00 00 00 00 35 00
(1771611920.250473) can1 0000296F [8] 00 17 00 00 00 00 35 00
(1771611920.270412) can1 0000296F [8] 00 17 00 00 00 00 35 00
(1771611920.290473) can1 0000296F [8] 00 17 00 01 00 00 35 00
(1771611920.310489) can1 0000296F [8] 00 17 00 00 00 00 35 00
(1771611920.330485) can1 0000296F [8] 00 17 00 00 00 00 35 00
(1771611920.350471) can1 0000296F [8] 00 17 00 01 00 00 35 00
(1771611920.370413) can1 0000296F [8] 00 17 00 00 00 00 35 00
(1771611920.390406) can1 0000296F [8] 00 17 00 00 00 00 35 00
(1771611920.410405) can1 0000296F [8] 00 17 00 00 00 00 35 00
(1771611920.430482) can1 0000296F [8] 00 17 00 00 00 00 35 00
(1771611920.450481) can1 0000296F [8] 00 17 00 00 00 00 35 00
(1771611920.470443) can1 0000296F [8] 00 17 00 01 00 00 35 00
(1771611920.490476) can1 0000296F [8] 00 17 00 00 00 00 35 00
(1771611920.510486) can1 0000296F [8] 00 17 00 00 00 00 35 00
