--- CAN1 Logging Start: 2026-02-21 03:30:48.944621 ---
(1771612248.946640) can1 0000296F [8] 00 17 00 00 00 00 35 00
(1771612248.966629) can1 0000296F [8] 00 17 00 00 00 00 35 00
(1771612248.986624) can1 0000296F [8] 00 17 00 00 00 00 35 00
(1771612249.006586) can1 0000296F [8] 00 17 00 01 00 00 35 00
(1771612249.026610) can1 0000296F [8] 00 17 00 00 00 00 35 00
(1771612249.046609) can1 0000296F [8] 00 17 00 00 00 00 35 00
(1771612249.066610) can1 0000296F [8] 00 17 00 00 00 00 35 00
(1771612249.086685) can1 0000296F [8] 00 17 00 00 00 00 35 00
(1771612249.106645) can1 0000296F [8] 00 17 00 00 00 00 35 00
(1771612249.126639) can1 0000296F [8] 00 17 00 00 00 00 35 00
(1771612249.146631) can1 0000296F [8] 00 17 00 00 00 00 35 00
(1771612249.166628) can1 0000296F [8] 00 17 00 00 00 00 35 00
(1771612249.186626) can1 0000296F [8] 00 17 00 00 00 00 35 00
(1771612249.206627) can1 0000296F [8] 00 17 00 00 00 00 35 00
(1771612249.226596) can1 0000296F [8] 00 17 00 00 00 00 35 00
(1771612249.246621) can1 0000296F [8] 00 17 00 00 00 00 35 00
(1771612249.266594) can1 0000296F [8] 00 17 00 00 00 00 35 00
(1771612249.286622) can1 0000296F [8] 00 17 00 00 00 00 35 00
(1771612249.306624) can1 0000296F [8] 00 17 00 00 00 00 35 00
(1771612249.326624) can1 0000296F [8] 00 17 00 00 00 00 35 00
(1771612249.346624) can1 0000296F [8] 00 17 00 00 00 00 35 00
(1771612249.366640) can1 0000296F [8] 00 17 00 00 00 00 35 00
(1771612249.386620) can1 0000296F [8] 00 17 00 00 00 00 35 00
(1771612249.406631) can1 0000296F [8] 00 17 00 00 00 00 35 00
(1771612249.426624) can1 0000296F [8] 00 17 FF FF 00 00 35 00
(1771612249.446555) can1 0000296F [8] 00 17 00 00 00 00 35 00
(1771612249.466619) can1 0000296F [8] 00 17 00 00 00 00 35 00
(1771612249.486622) can1 0000296F [8] 00 17 00 00 00 00 35 00
(1771612249.506623) can1 0000296F [8] 00 17 00 00 00 00 35 00
(1771612249.526626) can1 0000296F [8] 00 17 00 00 00 00 35 00
(1771612249.546595) can1 0000296F [8] 00 17 00 00 00 00 35 00
(1771612249.566635) can1 0000296F [8] 00 17 00 00 00 00 35 00
(1771612249.586625) can1 0000296F [8] 00 17 00 00 00 00 35 00
(1771612249.606617) can1 0000296F [8] 00 17 00 00 00 00 35 00
(1771612249.626631) can1 0000296F [8] 00 17 00 00 00 00 35 00
(1771612249.646631) can1 0000296F [8] 00 17 00 00 00 00 35 00
(1771612249.666629) can1 0000296F [8] 00 17 00 00 00 00 35 00
(1771612249.686596) can1 0000296F [8] 00 17 00 00 00 00 35 00
(1771612249.706558) can1 0000296F [8] 00 17 00 00 00 00 35 00
(1771612249.726624) can1 0000296F [8] 00 17 00 00 00 00 35 00
(1771612249.746565) can1 0000296F [8] 00 17 00 00 00 00 35 00
(1771612249.766596) can1 0000296F [8] 00 17 00 00 00 00 35 00
(1771612249.786629) can1 0000296F [8] 00 17 00 00 00 00 35 00
(1771612249.806601) can1 0000296F [8] 00 17 00 00 00 00 35 00
(1771612249.826636) can1 0000296F [8] 00 17 00 00 00 00 35 00
(1771612249.846585) can1 0000296F [8] 00 17 00 00 00 00 35 00
(1771612249.866619) can1 0000296F [8] 00 17 00 00 00 00 35 00
(1771612249.886626) can1 0000296F [8] 00 17 00 00 00 00 35 00
(1771612249.906609) can1 0000296F [8] 00 17 00 00 00 00 35 00
(1771612249.926554) can1 0000296F [8] 00 17 00 00 00 00 35 00
(1771612249.946614) can1 0000296F [8] 00 17 00 00 00 00 35 00
(1771612249.966618) can1 0000296F [8] 00 17 00 00 00 00 35 00
(1771612249.986615) can1 0000296F [8] 00 17 00 00 00 00 35 00
(1771612250.006608) can1 0000296F [8] 00 17 00 00 00 00 35 00
(1771612250.026617) can1 0000296F [8] 00 17 00 00 00 00 35 00
(1771612250.046625) can1 0000296F [8] 00 17 00 00 00 00 35 00
(1771612250.066617) can1 0000296F [8] 00 17 00 00 00 00 35 00
(1771612250.086619) can1 0000296F [8] 00 17 00 00 00 00 35 00
(1771612250.106611) can1 0000296F [8] 00 17 00 00 00 00 35 00
(1771612250.126623) can1 0000296F [8] 00 17 00 00 00 00 35 00
(1771612250.146621) can1 0000296F [8] 00 17 00 00 00 00 35 00
(1771612250.166666) can1 0000296F [8] 00 17 00 00 00 00 35 00
(1771612250.186610) can1 0000296F [8] 00 17 00 00 00 00 35 00
(1771612250.206609) can1 0000296F [8] 00 17 00 00 00 00 35 00
(1771612250.226581) can1 0000296F [8] 00 17 00 00 00 00 35 00
(1771612250.246619) can1 0000296F [8] 00 17 00 00 00 00 35 00
(1771612250.266614) can1 0000296F [8] 00 17 00 00 00 00 35 00
(1771612250.286638) can1 0000296F [8] 00 17 00 00 00 00 35 00
(1771612250.306613) can1 0000296F [8] 00 17 00 00 00 00 35 00
(1771612250.326608) can1 0000296F [8] 00 17 00 00 00 00 35 00
(1771612250.346605) can1 0000296F [8] 00 17 00 00 00 00 35 00
(1771612250.366617) can1 0000296F [8] 00 17 00 00 00 00 35 00
(1771612250.386578) can1 0000296F [8] 00 17 00 00 00 00 35 00
(1771612250.406606) can1 0000296F [8] 00 17 00 00 00 00 35 00
(1771612250.426606) can1 0000296F [8] 00 17 00 00 00 00 35 00
(1771612250.446615) can1 0000296F [8] 00 17 00 00 00 00 35 00
(1771612250.466614) can1 0000296F [8] 00 17 00 00 00 00 35 00
(1771612250.486614) can1 0000296F [8] 00 17 00 01 00 00 35 00
(1771612250.506609) can1 0000296F [8] 00 17 FF FF 00 00 35 00
(1771612250.526663) can1 0000296F [8] 00 17 00 00 00 00 35 00
(1771612250.546608) can1 0000296F [8] 00 17 00 00 00 00 35 00
(1771612250.566619) can1 0000296F [8] 00 17 00 00 00 00 35 00
(1771612250.586618) can1 0000296F [8] 00 17 00 00 00 00 35 00
(1771612250.606606) can1 0000296F [8] 00 17 FF FF 00 00 35 00
(1771612250.626603) can1 0000296F [8] 00 17 00 00 00 00 35 00
(1771612250.646587) can1 0000296F [8] 00 17 00 00 00 00 35 00
(1771612250.666616) can1 0000296F [8] 00 17 00 00 00 00 35 00
(1771612250.686608) can1 0000296F [8] 00 17 00 00 00 00 35 00
(1771612250.706603) can1 0000296F [8] 00 17 00 00 00 00 35 00
(1771612250.726607) can1 0000296F [8] 00 17 00 00 00 00 35 00
(1771612250.746610) can1 0000296F [8] 00 17 00 00 00 00 35 00
(1771612250.766610) can1 0000296F [8] 00 17 00 00 00 00 35 00
(1771612250.786601) can1 0000296F [8] 00 17 00 00 00 00 35 00
(1771612250.806612) can1 0000296F [8] 00 17 00 00 00 00 35 00
(1771612250.826619) can1 0000296F [8] 00 17 00 00 00 00 35 00
(1771612250.846568) can1 0000296F [8] 00 17 00 00 00 00 35 00
(1771612250.866590) can1 0000296F [8] 00 17 00 00 00 00 35 00
(1771612250.886555) can1 0000296F [8] 00 17 00 00 00 00 35 00
(1771612250.906592) can1 0000296F [8] 00 17 00 00 00 00 35 00
(1771612250.926566) can1 0000296F [8] 00 17 00 00 00 00 35 00
(1771612250.946595) can1 0000296F [8] 00 17 00 00 00 00 35 00
(1771612250.966589) can1 0000296F [8] 00 17 00 00 00 00 35 00
(1771612250.986593) can1 0000296F [8] 00 17 00 00 00 00 35 00
(1771612251.006559) can1 0000296F [8] 00 17 00 00 00 00 35 00
(1771612251.026565) can1 0000296F [8] 00 17 00 00 00 00 35 00
(1771612251.046557) can1 0000296F [8] 00 17 00 00 00 00 35 00
(1771612251.066584) can1 0000296F [8] 00 17 00 00 00 00 35 00
(1771612251.067409) can1 00000001 [8] FF FF FF FF FF FF FF FC
(1771612251.067750) can1 00000001 [4] 00 00 00 00
(1771612251.068129) can1 00000001 [8] FF FF FF FF FF FF FF FC
(1771612251.068672) can1 00000001 [8] FF FF FF FF FF FF FF FC
(1771612251.069780) can1 00000001 [8] FF FF FF FF FF FF FF FC
(1771612251.070870) can1 00000001 [8] FF FF FF FF FF FF FF FC
(1771612251.071964) can1 00000001 [8] FF FF FF FF FF FF FF FC
(1771612251.073071) can1 00000001 [8] FF FF FF FF FF FF FF FC
(1771612251.074164) can1 00000001 [8] FF FF FF FF FF FF FF FC
(1771612251.075253) can1 00000001 [8] FF FF FF FF FF FF FF FC
(1771612251.076326) can1 00000001 [8] FF FF FF FF FF FF FF FC
(1771612251.077418) can1 00000001 [8] FF FF FF FF FF FF FF FC
(1771612251.086598) can1 0000296F [8] 00 17 00 00 00 00 35 00
(1771612251.106611) can1 0000296F [8] 00 17 00 00 00 00 35 00
(1771612251.126605) can1 0000296F [8] 00 17 00 00 00 00 35 00
(1771612251.146590) can1 0000296F [8] 00 17 00 00 00 00 35 00
(1771612251.166622) can1 0000296F [8] 00 17 00 00 00 00 35 00
(1771612251.186589) can1 0000296F [8] 00 17 00 00 00 00 35 00
(1771612251.206585) can1 0000296F [8] 00 17 00 00 00 00 35 00
(1771612251.226622) can1 0000296F [8] 00 17 00 00 00 00 35 00
(1771612251.246589) can1 0000296F [8] 00 17 00 00 00 00 35 00
(1771612251.266601) can1 0000296F [8] 00 17 00 00 00 00 35 00
(1771612251.277563) can1 00000001 [4] 00 00 4E 20
(1771612251.286598) can1 0000296F [8] 00 17 00 00 00 00 35 00
(1771612251.287129) can1 00000001 [4] 00 00 4E 20
(1771612251.297111) can1 00000001 [4] 00 00 4E 20
(1771612251.306591) can1 0000296F [8] 00 17 00 00 00 00 35 00
(1771612251.307091) can1 00000001 [4] 00 00 4E 20
(1771612251.317186) can1 00000001 [4] 00 00 4E 20
(1771612251.326595) can1 0000296F [8] 00 17 00 00 00 00 35 00
(1771612251.327139) can1 00000001 [4] 00 00 4E 20
(1771612251.337127) can1 00000001 [4] 00 00 4E 20
(1771612251.346592) can1 0000296F [8] 00 17 00 00 00 00 35 00
(1771612251.347123) can1 00000001 [4] 00 00 4E 20
(1771612251.357102) can1 00000001 [4] 00 00 4E 20
(1771612251.366593) can1 0000296F [8] 00 17 00 00 00 00 35 00
(1771612251.367105) can1 00000001 [4] 00 00 4E 20
(1771612251.377153) can1 00000001 [4] 00 00 4E 20
(1771612251.386602) can1 0000296F [8] 00 17 00 00 00 00 35 00
(1771612251.387130) can1 00000001 [4] 00 00 4E 20
(1771612251.397122) can1 00000001 [4] 00 00 4E 20
(1771612251.406599) can1 0000296F [8] 00 17 00 00 00 00 35 00
(1771612251.407113) can1 00000001 [4] 00 00 4E 20
(1771612251.417132) can1 00000001 [4] 00 00 4E 20
(1771612251.426593) can1 0000296F [8] 00 17 00 00 00 00 35 00
(1771612251.427096) can1 00000001 [4] 00 00 4E 20
(1771612251.437077) can1 00000001 [4] 00 00 4E 20
(1771612251.446614) can1 0000296F [8] 00 17 00 00 00 00 35 00
(1771612251.447108) can1 00000001 [4] 00 00 4E 20
(1771612251.457084) can1 00000001 [4] 00 00 4E 20
(1771612251.466590) can1 0000296F [8] 00 17 00 00 00 00 35 00
(1771612251.467082) can1 00000001 [4] 00 00 4E 20
(1771612251.477082) can1 00000001 [4] 00 00 4E 20
(1771612251.486597) can1 0000296F [8] 00 17 00 00 00 00 35 00
(1771612251.487134) can1 00000001 [4] 00 00 4E 20
(1771612251.497123) can1 00000001 [4] 00 00 4E 20
(1771612251.506587) can1 0000296F [8] 00 17 00 00 00 00 35 00
(1771612251.507092) can1 00000001 [4] 00 00 4E 20
(1771612251.517073) can1 00000001 [4] 00 00 4E 20
(1771612251.526590) can1 0000296F [8] 00 17 00 00 00 00 35 00
(1771612251.527079) can1 00000001 [4] 00 00 4E 20
(1771612251.537107) can1 00000001 [4] 00 00 4E 20
(1771612251.546539) can1 0000296F [8] 00 17 00 00 00 00 35 00
(1771612251.547123) can1 00000001 [4] 00 00 4E 20
(1771612251.557060) can1 00000001 [4] 00 00 4E 20
(1771612251.566589) can1 0000296F [8] 00 17 00 00 00 00 35 00
(1771612251.567109) can1 00000001 [4] 00 00 4E 20
(1771612251.577652) can1 00000001 [4] 00 00 4E 20
(1771612251.586610) can1 0000296F [8] 00 17 00 00 00 00 35 00
(1771612251.587062) can1 00000001 [4] 00 00 4E 20
(1771612251.597107) can1 00000001 [4] 00 00 4E 20
(1771612251.606593) can1 0000296F [8] 00 17 00 00 00 00 35 00
(1771612251.607071) can1 00000001 [4] 00 00 4E 20
(1771612251.617130) can1 00000001 [4] 00 00 4E 20
(1771612251.626594) can1 0000296F [8] 00 17 00 00 00 00 35 00
(1771612251.627050) can1 00000001 [4] 00 00 4E 20
(1771612251.637134) can1 00000001 [4] 00 00 4E 20
(1771612251.646594) can1 0000296F [8] 00 17 00 00 00 00 35 00
(1771612251.647099) can1 00000001 [4] 00 00 4E 20
(1771612251.657090) can1 00000001 [4] 00 00 4E 20
(1771612251.666590) can1 0000296F [8] 00 17 00 00 00 00 35 00
(1771612251.667084) can1 00000001 [4] 00 00 4E 20
(1771612251.677134) can1 00000001 [4] 00 00 4E 20
(1771612251.686599) can1 0000296F [8] 00 17 00 00 00 00 35 00
(1771612251.687075) can1 00000001 [4] 00 00 4E 20
(1771612251.697083) can1 00000001 [4] 00 00 4E 20
(1771612251.706599) can1 0000296F [8] 00 17 00 00 00 00 35 00
(1771612251.707110) can1 00000001 [4] 00 00 4E 20
(1771612251.717099) can1 00000001 [4] 00 00 4E 20
(1771612251.726595) can1 0000296F [8] 00 17 FF FF 00 00 35 00
(1771612251.727102) can1 00000001 [4] 00 00 4E 20
(1771612251.737088) can1 00000001 [4] 00 00 4E 20
(1771612251.746602) can1 0000296F [8] 00 17 00 00 00 00 35 00
(1771612251.747071) can1 00000001 [4] 00 00 4E 20
(1771612251.757081) can1 00000001 [4] 00 00 4E 20
(1771612251.766591) can1 0000296F [8] 00 17 00 00 00 00 35 00
(1771612251.767037) can1 00000001 [4] 00 00 4E 20
(1771612251.777077) can1 00000001 [4] 00 00 4E 20
(1771612251.786592) can1 0000296F [8] 00 17 00 00 00 00 35 00
(1771612251.787052) can1 00000001 [4] 00 00 4E 20
(1771612251.797132) can1 00000001 [4] 00 00 4E 20
(1771612251.806623) can1 0000296F [8] 00 17 00 01 00 00 35 00
(1771612251.807186) can1 00000001 [4] 00 00 4E 20
(1771612251.817291) can1 00000001 [4] 00 00 4E 20
(1771612251.826577) can1 0000296F [8] 00 17 00 00 00 00 35 00
(1771612251.827176) can1 00000001 [4] 00 00 4E 20
(1771612251.837118) can1 00000001 [4] 00 00 4E 20
(1771612251.846594) can1 0000296F [8] 00 17 00 00 00 00 35 00
(1771612251.847121) can1 00000001 [4] 00 00 4E 20
(1771612251.857239) can1 00000001 [4] 00 00 4E 20
(1771612251.866583) can1 0000296F [8] 00 17 00 00 00 00 35 00
(1771612251.867208) can1 00000001 [4] 00 00 4E 20
(1771612251.877251) can1 00000001 [4] 00 00 4E 20
(1771612251.886571) can1 0000296F [8] 00 17 FF FF 00 00 35 00
(1771612251.887192) can1 00000001 [4] 00 00 4E 20
(1771612251.897086) can1 00000001 [4] 00 00 4E 20
(1771612251.906587) can1 0000296F [8] 00 17 00 00 00 00 35 00
(1771612251.907086) can1 00000001 [4] 00 00 4E 20
(1771612251.917084) can1 00000001 [4] 00 00 4E 20
(1771612251.926611) can1 0000296F [8] 00 17 00 00 00 00 35 00
(1771612251.927145) can1 00000001 [4] 00 00 4E 20
(1771612251.937105) can1 00000001 [4] 00 00 4E 20
(1771612251.946596) can1 0000296F [8] 00 17 00 00 00 00 35 00
(1771612251.947113) can1 00000001 [4] 00 00 4E 20
(1771612251.957071) can1 00000001 [4] 00 00 4E 20
(1771612251.966586) can1 0000296F [8] 00 17 00 00 00 00 35 00
(1771612251.967082) can1 00000001 [4] 00 00 4E 20
(1771612251.977146) can1 00000001 [4] 00 00 4E 20
(1771612251.986590) can1 0000296F [8] 00 17 00 00 00 00 35 00
(1771612251.987098) can1 00000001 [4] 00 00 4E 20
(1771612251.997093) can1 00000001 [4] 00 00 4E 20
(1771612252.006592) can1 0000296F [8] 00 17 00 00 00 00 35 00
(1771612252.007111) can1 00000001 [4] 00 00 4E 20
(1771612252.017109) can1 00000001 [4] 00 00 4E 20
(1771612252.026592) can1 0000296F [8] 00 17 00 00 00 00 35 00
(1771612252.027051) can1 00000001 [4] 00 00 4E 20
(1771612252.037055) can1 00000001 [4] 00 00 4E 20
(1771612252.046598) can1 0000296F [8] 00 17 00 00 00 00 35 00
(1771612252.047111) can1 00000001 [4] 00 00 4E 20
(1771612252.057189) can1 00000001 [4] 00 00 4E 20
(1771612252.066530) can1 0000296F [8] 00 17 00 00 00 00 35 00
(1771612252.067134) can1 00000001 [4] 00 00 4E 20
(1771612252.077090) can1 00000001 [4] 00 00 4E 20
(1771612252.086600) can1 0000296F [8] 00 17 00 00 00 00 35 00
(1771612252.087131) can1 00000001 [4] 00 00 4E 20
(1771612252.097090) can1 00000001 [4] 00 00 4E 20
(1771612252.106587) can1 0000296F [8] 00 17 00 00 00 00 35 00
(1771612252.107095) can1 00000001 [4] 00 00 4E 20
(1771612252.117080) can1 00000001 [4] 00 00 4E 20
(1771612252.126589) can1 0000296F [8] 00 17 00 00 00 00 35 00
(1771612252.127099) can1 00000001 [4] 00 00 4E 20
(1771612252.137121) can1 00000001 [4] 00 00 4E 20
(1771612252.146584) can1 0000296F [8] 00 17 00 00 00 00 35 00
(1771612252.147105) can1 00000001 [4] 00 00 4E 20
(1771612252.157101) can1 00000001 [4] 00 00 4E 20
(1771612252.166587) can1 0000296F [8] 00 17 00 00 00 00 35 00
(1771612252.167114) can1 00000001 [4] 00 00 4E 20
(1771612252.177163) can1 00000001 [4] 00 00 4E 20
(1771612252.186599) can1 0000296F [8] 00 17 00 00 00 00 35 00
(1771612252.187139) can1 00000001 [4] 00 00 4E 20
(1771612252.197155) can1 00000001 [4] 00 00 4E 20
(1771612252.206596) can1 0000296F [8] 00 17 00 00 00 00 35 00
(1771612252.207045) can1 00000001 [4] 00 00 4E 20
(1771612252.217041) can1 00000001 [4] 00 00 4E 20
(1771612252.226566) can1 0000296F [8] 00 17 00 00 00 00 35 00
(1771612252.227051) can1 00000001 [4] 00 00 4E 20
(1771612252.237103) can1 00000001 [4] 00 00 4E 20
(1771612252.246596) can1 0000296F [8] 00 17 00 00 00 00 35 00
(1771612252.247042) can1 00000001 [4] 00 00 4E 20
(1771612252.257084) can1 00000001 [4] 00 00 4E 20
(1771612252.266519) can1 0000296F [8] 00 17 00 00 00 00 35 00
(1771612252.267022) can1 00000001 [4] 00 00 4E 20
(1771612252.277005) can1 00000001 [4] 00 00 4E 20
(1771612252.286594) can1 0000296F [8] 00 17 00 01 00 00 35 00
(1771612252.287041) can1 00000001 [4] 00 00 4E 20
(1771612252.297146) can1 00000001 [4] 00 00 4E 20
(1771612252.306592) can1 0000296F [8] 00 17 00 00 00 00 35 00
(1771612252.307041) can1 00000001 [4] 00 00 4E 20
(1771612252.317106) can1 00000001 [4] 00 00 4E 20
(1771612252.326591) can1 0000296F [8] 00 17 00 00 00 00 35 00
(1771612252.327044) can1 00000001 [4] 00 00 4E 20
(1771612252.337015) can1 00000001 [4] 00 00 4E 20
(1771612252.346589) can1 0000296F [8] 00 17 00 00 00 00 35 00
(1771612252.347048) can1 00000001 [4] 00 00 4E 20
(1771612252.357049) can1 00000001 [4] 00 00 4E 20
(1771612252.366575) can1 0000296F [8] 00 17 FF FF 00 00 35 00
(1771612252.367023) can1 00000001 [4] 00 00 4E 20
(1771612252.377025) can1 00000001 [4] 00 00 4E 20
(1771612252.386593) can1 0000296F [8] 00 17 00 00 00 00 35 00
(1771612252.387041) can1 00000001 [4] 00 00 4E 20
(1771612252.397011) can1 00000001 [4] 00 00 4E 20
(1771612252.406592) can1 0000296F [8] 00 17 00 00 00 00 35 00
(1771612252.407043) can1 00000001 [4] 00 00 4E 20
(1771612252.417086) can1 00000001 [4] 00 00 4E 20
(1771612252.426591) can1 0000296F [8] 00 17 00 00 00 00 35 00
(1771612252.427042) can1 00000001 [4] 00 00 4E 20
(1771612252.437137) can1 00000001 [4] 00 00 4E 20
(1771612252.446520) can1 0000296F [8] 00 17 00 00 00 00 35 00
(1771612252.447040) can1 00000001 [4] 00 00 4E 20
(1771612252.457089) can1 00000001 [4] 00 00 4E 20
(1771612252.466577) can1 0000296F [8] 00 17 00 00 00 00 35 00
(1771612252.467076) can1 00000001 [4] 00 00 4E 20
(1771612252.477079) can1 00000001 [4] 00 00 4E 20
(1771612252.486594) can1 0000296F [8] 00 17 00 00 00 00 35 00
(1771612252.487116) can1 00000001 [4] 00 00 4E 20
(1771612252.497160) can1 00000001 [4] 00 00 4E 20
(1771612252.506594) can1 0000296F [8] 00 17 00 01 00 00 35 00
(1771612252.507113) can1 00000001 [4] 00 00 4E 20
(1771612252.517114) can1 00000001 [4] 00 00 4E 20
(1771612252.526588) can1 0000296F [8] 00 17 00 00 00 00 35 00
(1771612252.527129) can1 00000001 [4] 00 00 4E 20
(1771612252.537046) can1 00000001 [4] 00 00 4E 20
(1771612252.546602) can1 0000296F [8] 00 17 00 00 00 00 35 00
(1771612252.547130) can1 00000001 [4] 00 00 4E 20
(1771612252.557095) can1 00000001 [4] 00 00 4E 20
(1771612252.566594) can1 0000296F [8] 00 17 00 00 00 00 35 00
(1771612252.567141) can1 00000001 [4] 00 00 4E 20
(1771612252.577080) can1 00000001 [4] 00 00 4E 20
(1771612252.586593) can1 0000296F [8] 00 17 00 01 00 00 35 00
(1771612252.587100) can1 00000001 [4] 00 00 4E 20
(1771612252.597110) can1 00000001 [4] 00 00 4E 20
(1771612252.606589) can1 0000296F [8] 00 17 00 00 00 00 35 00
(1771612252.607090) can1 00000001 [4] 00 00 4E 20
(1771612252.617100) can1 00000001 [4] 00 00 4E 20
(1771612252.626582) can1 0000296F [8] 00 17 00 00 00 00 35 00
(1771612252.627087) can1 00000001 [4] 00 00 4E 20
(1771612252.637152) can1 00000001 [4] 00 00 4E 20
(1771612252.646582) can1 0000296F [8] 00 17 00 00 00 00 35 00
(1771612252.647099) can1 00000001 [4] 00 00 4E 20
(1771612252.657179) can1 00000001 [4] 00 00 4E 20
(1771612252.666579) can1 0000296F [8] 00 17 00 00 00 00 35 00
(1771612252.667084) can1 00000001 [4] 00 00 4E 20
(1771612252.677074) can1 00000001 [4] 00 00 4E 20
(1771612252.686592) can1 0000296F [8] 00 17 00 00 00 00 35 00
(1771612252.687119) can1 00000001 [4] 00 00 4E 20
(1771612252.697098) can1 00000001 [4] 00 00 4E 20
(1771612252.706589) can1 0000296F [8] 00 17 00 00 00 00 35 00
(1771612252.707114) can1 00000001 [4] 00 00 4E 20
(1771612252.717134) can1 00000001 [4] 00 00 4E 20
(1771612252.726588) can1 0000296F [8] 00 17 00 00 00 00 35 00
(1771612252.727116) can1 00000001 [4] 00 00 4E 20
(1771612252.737189) can1 00000001 [4] 00 00 4E 20
(1771612252.746593) can1 0000296F [8] 00 17 00 00 00 00 35 00
(1771612252.747118) can1 00000001 [4] 00 00 4E 20
(1771612252.757143) can1 00000001 [4] 00 00 4E 20
(1771612252.766577) can1 0000296F [8] 00 17 00 00 00 00 35 00
(1771612252.767087) can1 00000001 [4] 00 00 4E 20
(1771612252.777076) can1 00000001 [4] 00 00 4E 20
(1771612252.786555) can1 0000296F [8] 00 17 00 00 00 00 35 00
(1771612252.787125) can1 00000001 [4] 00 00 4E 20
(1771612252.797090) can1 00000001 [4] 00 00 4E 20
(1771612252.806589) can1 0000296F [8] 00 17 00 01 00 00 35 00
(1771612252.807117) can1 00000001 [4] 00 00 4E 20
(1771612252.817157) can1 00000001 [4] 00 00 4E 20
(1771612252.826557) can1 0000296F [8] 00 17 00 00 00 00 35 00
(1771612252.827103) can1 00000001 [4] 00 00 4E 20
(1771612252.837196) can1 00000001 [4] 00 00 4E 20
(1771612252.846559) can1 0000296F [8] 00 17 00 00 00 00 35 00
(1771612252.847100) can1 00000001 [4] 00 00 4E 20
(1771612252.857059) can1 00000001 [4] 00 00 4E 20
(1771612252.866573) can1 0000296F [8] 00 17 00 00 00 00 35 00
(1771612252.867081) can1 00000001 [4] 00 00 4E 20
(1771612252.877070) can1 00000001 [4] 00 00 4E 20
(1771612252.886562) can1 0000296F [8] 00 17 FF FF 00 00 35 00
(1771612252.887108) can1 00000001 [4] 00 00 4E 20
(1771612252.897137) can1 00000001 [4] 00 00 4E 20
(1771612252.906586) can1 0000296F [8] 00 17 00 00 00 00 35 00
(1771612252.907118) can1 00000001 [4] 00 00 4E 20
(1771612252.917147) can1 00000001 [4] 00 00 4E 20
(1771612252.926579) can1 0000296F [8] 00 17 00 00 00 00 35 00
(1771612252.927102) can1 00000001 [4] 00 00 4E 20
(1771612252.937122) can1 00000001 [4] 00 00 4E 20
(1771612252.946578) can1 0000296F [8] 00 17 00 00 00 00 35 00
(1771612252.947088) can1 00000001 [4] 00 00 4E 20
(1771612252.957126) can1 00000001 [4] 00 00 4E 20
(1771612252.966574) can1 0000296F [8] 00 17 00 01 00 00 35 00
(1771612252.967091) can1 00000001 [4] 00 00 4E 20
(1771612252.977079) can1 00000001 [4] 00 00 4E 20
(1771612252.986587) can1 0000296F [8] 00 17 00 00 00 00 35 00
(1771612252.987108) can1 00000001 [4] 00 00 4E 20
(1771612252.997133) can1 00000001 [4] 00 00 4E 20
(1771612253.006577) can1 0000296F [8] 00 17 00 00 00 00 35 00
(1771612253.007082) can1 00000001 [4] 00 00 4E 20
(1771612253.017121) can1 00000001 [4] 00 00 4E 20
(1771612253.026576) can1 0000296F [8] 00 17 00 00 00 00 35 00
(1771612253.027079) can1 00000001 [4] 00 00 4E 20
(1771612253.037127) can1 00000001 [4] 00 00 4E 20
(1771612253.046585) can1 0000296F [8] 00 17 00 00 00 00 35 00
(1771612253.047119) can1 00000001 [4] 00 00 4E 20
(1771612253.057105) can1 00000001 [4] 00 00 4E 20
(1771612253.066572) can1 0000296F [8] 00 17 00 00 00 00 35 00
(1771612253.067088) can1 00000001 [4] 00 00 4E 20
(1771612253.077130) can1 00000001 [4] 00 00 4E 20
(1771612253.086575) can1 0000296F [8] 00 17 00 00 00 00 35 00
(1771612253.087091) can1 00000001 [4] 00 00 4E 20
(1771612253.097085) can1 00000001 [4] 00 00 4E 20
(1771612253.106589) can1 0000296F [8] 00 17 00 00 00 00 35 00
(1771612253.107123) can1 00000001 [4] 00 00 4E 20
(1771612253.117172) can1 00000001 [4] 00 00 4E 20
(1771612253.126581) can1 0000296F [8] 00 17 FF FF 00 00 35 00
(1771612253.127137) can1 00000001 [4] 00 00 4E 20
(1771612253.137134) can1 00000001 [4] 00 00 4E 20
(1771612253.146583) can1 0000296F [8] 00 17 00 00 00 00 35 00
(1771612253.147120) can1 00000001 [4] 00 00 4E 20
(1771612253.157140) can1 00000001 [4] 00 00 4E 20
(1771612253.166573) can1 0000296F [8] 00 17 00 00 00 00 35 00
(1771612253.167094) can1 00000001 [4] 00 00 4E 20
(1771612253.177082) can1 00000001 [4] 00 00 4E 20
(1771612253.186574) can1 0000296F [8] 00 17 00 00 00 00 35 00
(1771612253.187083) can1 00000001 [4] 00 00 4E 20
(1771612253.197178) can1 00000001 [4] 00 00 4E 20
(1771612253.206578) can1 0000296F [8] 00 17 00 00 00 00 35 00
(1771612253.207110) can1 00000001 [4] 00 00 4E 20
(1771612253.217198) can1 00000001 [4] 00 00 4E 20
(1771612253.226591) can1 0000296F [8] 00 17 00 00 00 00 35 00
(1771612253.227121) can1 00000001 [4] 00 00 4E 20
(1771612253.237133) can1 00000001 [4] 00 00 4E 20
(1771612253.246582) can1 0000296F [8] 00 17 00 00 00 00 35 00
(1771612253.247118) can1 00000001 [4] 00 00 4E 20
(1771612253.257077) can1 00000001 [4] 00 00 4E 20
(1771612253.266585) can1 0000296F [8] 00 17 00 00 00 00 35 00
(1771612253.267111) can1 00000001 [4] 00 00 4E 20
(1771612253.277078) can1 00000001 [4] 00 00 4E 20
(1771612253.286578) can1 0000296F [8] 00 17 00 00 00 00 35 00
(1771612253.287104) can1 00000001 [4] 00 00 4E 20
(1771612253.297081) can1 00000001 [4] 00 00 4E 20
(1771612253.306570) can1 0000296F [8] 00 17 00 00 00 00 35 00
(1771612253.307073) can1 00000001 [4] 00 00 4E 20
(1771612253.317136) can1 00000001 [4] 00 00 4E 20
(1771612253.326580) can1 0000296F [8] 00 17 00 02 00 00 35 00
(1771612253.327115) can1 00000001 [4] 00 00 4E 20
(1771612253.337075) can1 00000001 [4] 00 00 4E 20
(1771612253.346583) can1 0000296F [8] 00 17 00 00 00 00 35 00
(1771612253.347112) can1 00000001 [4] 00 00 4E 20
(1771612253.357132) can1 00000001 [4] 00 00 4E 20
(1771612253.366594) can1 0000296F [8] 00 17 00 00 00 00 35 00
(1771612253.367086) can1 00000001 [4] 00 00 4E 20
(1771612253.377092) can1 00000001 [4] 00 00 4E 20
(1771612253.386568) can1 0000296F [8] 00 17 00 00 00 00 35 00
(1771612253.387068) can1 00000001 [4] 00 00 4E 20
(1771612253.397103) can1 00000001 [4] 00 00 4E 20
(1771612253.406570) can1 0000296F [8] 00 17 00 00 00 00 35 00
(1771612253.407091) can1 00000001 [4] 00 00 4E 20
(1771612253.417156) can1 00000001 [4] 00 00 4E 20
(1771612253.426518) can1 0000296F [8] 00 17 00 00 00 00 35 00
(1771612253.427126) can1 00000001 [4] 00 00 4E 20
(1771612253.437094) can1 00000001 [4] 00 00 4E 20
(1771612253.446547) can1 0000296F [8] 00 17 00 00 00 00 35 00
(1771612253.447118) can1 00000001 [4] 00 00 4E 20
(1771612253.457138) can1 00000001 [4] 00 00 4E 20
(1771612253.466573) can1 0000296F [8] 00 17 00 00 00 00 35 00
(1771612253.467116) can1 00000001 [4] 00 00 4E 20
(1771612253.477101) can1 00000001 [4] 00 00 4E 20
(1771612253.486580) can1 0000296F [8] 00 17 00 00 00 00 35 00
(1771612253.487127) can1 00000001 [4] 00 00 4E 20
(1771612253.497092) can1 00000001 [4] 00 00 4E 20
(1771612253.506584) can1 0000296F [8] 00 17 00 00 00 00 35 00
(1771612253.507137) can1 00000001 [4] 00 00 4E 20
(1771612253.517182) can1 00000001 [4] 00 00 4E 20
(1771612253.526580) can1 0000296F [8] 00 17 00 00 00 00 35 00
(1771612253.527126) can1 00000001 [4] 00 00 4E 20
(1771612253.537087) can1 00000001 [4] 00 00 4E 20
(1771612253.546524) can1 0000296F [8] 00 17 00 00 00 00 35 00
(1771612253.547131) can1 00000001 [4] 00 00 4E 20
(1771612253.557157) can1 00000001 [4] 00 00 4E 20
(1771612253.566579) can1 0000296F [8] 00 17 00 00 00 00 35 00
(1771612253.567122) can1 00000001 [4] 00 00 4E 20
(1771612253.577158) can1 00000001 [4] 00 00 4E 20
(1771612253.586569) can1 0000296F [8] 00 17 00 00 00 00 35 00
(1771612253.587101) can1 00000001 [4] 00 00 4E 20
(1771612253.597132) can1 00000001 [4] 00 00 4E 20
(1771612253.606555) can1 0000296F [8] 00 17 00 00 00 00 35 00
(1771612253.607097) can1 00000001 [4] 00 00 4E 20
(1771612253.617112) can1 00000001 [4] 00 00 4E 20
(1771612253.626516) can1 0000296F [8] 00 17 00 00 00 00 35 00
(1771612253.627087) can1 00000001 [4] 00 00 4E 20
(1771612253.637146) can1 00000001 [4] 00 00 4E 20
(1771612253.646506) can1 0000296F [8] 00 17 00 00 00 00 35 00
(1771612253.647067) can1 00000001 [4] 00 00 4E 20
(1771612253.657146) can1 00000001 [4] 00 00 4E 20
(1771612253.666580) can1 0000296F [8] 00 17 00 00 00 00 35 00
(1771612253.667120) can1 00000001 [4] 00 00 4E 20
(1771612253.677089) can1 00000001 [4] 00 00 4E 20
(1771612253.686564) can1 0000296F [8] 00 17 00 00 00 00 35 00
(1771612253.687057) can1 00000001 [4] 00 00 4E 20
(1771612253.697055) can1 00000001 [4] 00 00 4E 20
(1771612253.706567) can1 0000296F [8] 00 17 00 00 00 00 35 00
(1771612253.707072) can1 00000001 [4] 00 00 4E 20
(1771612253.717069) can1 00000001 [4] 00 00 4E 20
(1771612253.726602) can1 0000296F [8] 00 17 00 00 00 00 35 00
(1771612253.727258) can1 00000001 [4] 00 00 4E 20
(1771612253.737134) can1 00000001 [4] 00 00 4E 20
(1771612253.746571) can1 0000296F [8] 00 17 00 00 00 00 35 00
(1771612253.747139) can1 00000001 [4] 00 00 4E 20
(1771612253.757090) can1 00000001 [4] 00 00 4E 20
(1771612253.766515) can1 0000296F [8] 00 17 00 00 00 00 35 00
(1771612253.767082) can1 00000001 [4] 00 00 4E 20
(1771612253.777065) can1 00000001 [4] 00 00 4E 20
(1771612253.786578) can1 0000296F [8] 00 17 00 00 00 00 35 00
(1771612253.787119) can1 00000001 [4] 00 00 4E 20
(1771612253.797088) can1 00000001 [4] 00 00 4E 20
(1771612253.806566) can1 0000296F [8] 00 17 00 00 00 00 35 00
(1771612253.807046) can1 00000001 [4] 00 00 4E 20
(1771612253.817049) can1 00000001 [4] 00 00 4E 20
(1771612253.826594) can1 0000296F [8] 00 17 00 00 00 00 35 00
(1771612253.827168) can1 00000001 [4] 00 00 4E 20
(1771612253.837127) can1 00000001 [4] 00 00 4E 20
(1771612253.846570) can1 0000296F [8] 00 17 00 00 00 00 35 00
(1771612253.847067) can1 00000001 [4] 00 00 4E 20
(1771612253.857166) can1 00000001 [4] 00 00 4E 20
(1771612253.866565) can1 0000296F [8] 00 17 00 00 00 00 35 00
(1771612253.867073) can1 00000001 [4] 00 00 4E 20
(1771612253.877139) can1 00000001 [4] 00 00 4E 20
(1771612253.886567) can1 0000296F [8] 00 17 00 00 00 00 35 00
(1771612253.887094) can1 00000001 [4] 00 00 4E 20
(1771612253.897131) can1 00000001 [4] 00 00 4E 20
(1771612253.906580) can1 0000296F [8] 00 17 00 00 00 00 35 00
(1771612253.907123) can1 00000001 [4] 00 00 4E 20
(1771612253.917197) can1 00000001 [4] 00 00 4E 20
(1771612253.926578) can1 0000296F [8] 00 17 00 00 00 00 35 00
(1771612253.927134) can1 00000001 [4] 00 00 4E 20
(1771612253.937199) can1 00000001 [4] 00 00 4E 20
(1771612253.946592) can1 0000296F [8] 00 17 00 00 00 00 35 00
(1771612253.947307) can1 00000001 [4] 00 00 4E 20
(1771612253.957143) can1 00000001 [4] 00 00 4E 20
(1771612253.966578) can1 0000296F [8] 00 17 FF FF 00 00 35 00
(1771612253.967126) can1 00000001 [4] 00 00 4E 20
(1771612253.977188) can1 00000001 [4] 00 00 4E 20
(1771612253.986579) can1 0000296F [8] 00 17 00 00 00 00 35 00
(1771612253.987135) can1 00000001 [4] 00 00 4E 20
(1771612253.997126) can1 00000001 [4] 00 00 4E 20
(1771612254.006578) can1 0000296F [8] 00 17 00 00 00 00 35 00
(1771612254.007127) can1 00000001 [4] 00 00 4E 20
(1771612254.017205) can1 00000001 [4] 00 00 4E 20
(1771612254.026595) can1 0000296F [8] 00 17 00 01 00 00 35 00
(1771612254.027188) can1 00000001 [4] 00 00 4E 20
(1771612254.037150) can1 00000001 [4] 00 00 4E 20
(1771612254.046596) can1 0000296F [8] 00 17 00 00 00 00 35 00
(1771612254.047172) can1 00000001 [4] 00 00 4E 20
(1771612254.057198) can1 00000001 [4] 00 00 4E 20
(1771612254.066606) can1 0000296F [8] 00 17 00 00 00 00 35 00
(1771612254.067502) can1 00000001 [4] 00 00 4E 20
(1771612254.077187) can1 00000001 [4] 00 00 4E 20
(1771612254.086580) can1 0000296F [8] 00 17 00 00 00 00 35 00
(1771612254.087106) can1 00000001 [4] 00 00 4E 20
(1771612254.097099) can1 00000001 [4] 00 00 4E 20
(1771612254.106576) can1 0000296F [8] 00 17 00 01 00 00 35 00
(1771612254.107093) can1 00000001 [4] 00 00 4E 20
(1771612254.117177) can1 00000001 [4] 00 00 4E 20
(1771612254.126600) can1 0000296F [8] 00 17 00 00 00 00 35 00
(1771612254.127292) can1 00000001 [4] 00 00 4E 20
(1771612254.137195) can1 00000001 [4] 00 00 4E 20
(1771612254.146588) can1 0000296F [8] 00 17 00 00 00 00 35 00
(1771612254.147233) can1 00000001 [4] 00 00 4E 20
(1771612254.157181) can1 00000001 [4] 00 00 4E 20
(1771612254.166581) can1 0000296F [8] 00 17 00 00 00 00 35 00
(1771612254.167112) can1 00000001 [4] 00 00 4E 20
(1771612254.177129) can1 00000001 [4] 00 00 4E 20
(1771612254.186577) can1 0000296F [8] 00 17 00 00 00 00 35 00
(1771612254.187081) can1 00000001 [4] 00 00 4E 20
(1771612254.197135) can1 00000001 [4] 00 00 4E 20
(1771612254.206588) can1 0000296F [8] 00 17 00 00 00 00 35 00
(1771612254.207088) can1 00000001 [4] 00 00 4E 20
(1771612254.217108) can1 00000001 [4] 00 00 4E 20
(1771612254.226588) can1 0000296F [8] 00 17 00 00 00 00 35 00
(1771612254.227168) can1 00000001 [4] 00 00 4E 20
(1771612254.237217) can1 00000001 [4] 00 00 4E 20
(1771612254.246582) can1 0000296F [8] 00 17 00 00 00 00 35 00
(1771612254.247151) can1 00000001 [4] 00 00 4E 20
(1771612254.257229) can1 00000001 [4] 00 00 4E 20
(1771612254.266596) can1 0000296F [8] 00 17 00 00 00 00 35 00
(1771612254.267176) can1 00000001 [4] 00 00 4E 20
(1771612254.277210) can1 00000001 [4] 00 00 4E 20
(1771612254.286587) can1 0000296F [8] 00 17 00 00 00 00 35 00
(1771612254.287119) can1 00000001 [4] 00 00 4E 20
(1771612254.297102) can1 00000001 [4] 00 00 4E 20
(1771612254.306579) can1 0000296F [8] 00 17 00 00 00 00 35 00
(1771612254.307092) can1 00000001 [4] 00 00 4E 20
(1771612254.317193) can1 00000001 [4] 00 00 4E 20
(1771612254.326603) can1 0000296F [8] 00 17 00 00 00 00 35 00
(1771612254.327361) can1 00000001 [4] 00 00 4E 20
(1771612254.337197) can1 00000001 [4] 00 00 4E 20
(1771612254.346574) can1 0000296F [8] 00 17 00 00 00 00 35 00
(1771612254.347154) can1 00000001 [4] 00 00 4E 20
(1771612254.357135) can1 00000001 [4] 00 00 4E 20
(1771612254.366585) can1 0000296F [8] 00 17 00 00 00 00 35 00
(1771612254.367131) can1 00000001 [4] 00 00 4E 20
(1771612254.377148) can1 00000001 [4] 00 00 4E 20
(1771612254.386588) can1 0000296F [8] 00 17 00 00 00 00 35 00
(1771612254.387145) can1 00000001 [4] 00 00 4E 20
(1771612254.397155) can1 00000001 [4] 00 00 4E 20
(1771612254.406585) can1 0000296F [8] 00 17 00 00 00 00 35 00
(1771612254.407154) can1 00000001 [4] 00 00 4E 20
(1771612254.417146) can1 00000001 [4] 00 00 4E 20
(1771612254.426603) can1 0000296F [8] 00 17 00 00 00 00 35 00
(1771612254.427242) can1 00000001 [4] 00 00 4E 20
(1771612254.437185) can1 00000001 [4] 00 00 4E 20
(1771612254.446591) can1 0000296F [8] 00 17 00 01 00 00 35 00
(1771612254.447182) can1 00000001 [4] 00 00 4E 20
(1771612254.457172) can1 00000001 [4] 00 00 4E 20
(1771612254.466591) can1 0000296F [8] 00 17 00 00 00 00 35 00
(1771612254.467207) can1 00000001 [4] 00 00 4E 20
(1771612254.477112) can1 00000001 [4] 00 00 4E 20
(1771612254.486582) can1 0000296F [8] 00 17 00 00 00 00 35 00
(1771612254.487134) can1 00000001 [4] 00 00 4E 20
(1771612254.497135) can1 00000001 [4] 00 00 4E 20
(1771612254.506591) can1 0000296F [8] 00 17 00 00 00 00 35 00
(1771612254.507151) can1 00000001 [4] 00 00 4E 20
(1771612254.517174) can1 00000001 [4] 00 00 4E 20
(1771612254.526586) can1 0000296F [8] 00 17 00 00 00 00 35 00
(1771612254.527157) can1 00000001 [4] 00 00 4E 20
(1771612254.537205) can1 00000001 [4] 00 00 4E 20
(1771612254.546587) can1 0000296F [8] 00 17 00 00 00 00 35 00
(1771612254.547153) can1 00000001 [4] 00 00 4E 20
(1771612254.557135) can1 00000001 [4] 00 00 4E 20
(1771612254.566585) can1 0000296F [8] 00 17 00 00 00 00 35 00
(1771612254.567144) can1 00000001 [4] 00 00 4E 20
(1771612254.577174) can1 00000001 [4] 00 00 4E 20
(1771612254.586509) can1 0000296F [8] 00 17 00 00 00 00 35 00
(1771612254.587213) can1 00000001 [4] 00 00 4E 20
(1771612254.597149) can1 00000001 [4] 00 00 4E 20
(1771612254.606504) can1 0000296F [8] 00 17 00 00 00 00 35 00
(1771612254.607159) can1 00000001 [4] 00 00 4E 20
(1771612254.617133) can1 00000001 [4] 00 00 4E 20
(1771612254.626501) can1 0000296F [8] 00 17 00 00 00 00 35 00
(1771612254.627131) can1 00000001 [4] 00 00 4E 20
(1771612254.637152) can1 00000001 [4] 00 00 4E 20
(1771612254.646596) can1 0000296F [8] 00 17 00 00 00 00 35 00
(1771612254.647207) can1 00000001 [4] 00 00 4E 20
(1771612254.657199) can1 00000001 [4] 00 00 4E 20
(1771612254.666503) can1 0000296F [8] 00 17 00 00 00 00 35 00
(1771612254.667149) can1 00000001 [4] 00 00 4E 20
(1771612254.677133) can1 00000001 [4] 00 00 4E 20
(1771612254.686578) can1 0000296F [8] 00 17 00 00 00 00 35 00
(1771612254.687125) can1 00000001 [4] 00 00 4E 20
(1771612254.697081) can1 00000001 [4] 00 00 4E 20
(1771612254.706499) can1 0000296F [8] 00 17 00 00 00 00 35 00
(1771612254.707142) can1 00000001 [4] 00 00 4E 20
(1771612254.717063) can1 00000001 [4] 00 00 4E 20
(1771612254.726573) can1 0000296F [8] 00 17 00 00 00 00 35 00
(1771612254.727066) can1 00000001 [4] 00 00 4E 20
(1771612254.737205) can1 00000001 [4] 00 00 4E 20
(1771612254.746581) can1 0000296F [8] 00 17 00 00 00 00 35 00
(1771612254.747123) can1 00000001 [4] 00 00 4E 20
(1771612254.757086) can1 00000001 [4] 00 00 4E 20
(1771612254.766510) can1 0000296F [8] 00 17 00 00 00 00 35 00
(1771612254.767188) can1 00000001 [4] 00 00 4E 20
(1771612254.777137) can1 00000001 [4] 00 00 4E 20
(1771612254.786589) can1 0000296F [8] 00 17 00 00 00 00 35 00
(1771612254.787178) can1 00000001 [4] 00 00 4E 20
(1771612254.797133) can1 00000001 [4] 00 00 4E 20
(1771612254.806497) can1 0000296F [8] 00 17 00 00 00 00 35 00
(1771612254.807130) can1 00000001 [4] 00 00 4E 20
(1771612254.817125) can1 00000001 [4] 00 00 4E 20
(1771612254.826584) can1 0000296F [8] 00 17 00 00 00 00 35 00
(1771612254.827104) can1 00000001 [4] 00 00 4E 20
(1771612254.837202) can1 00000001 [4] 00 00 4E 20
(1771612254.846556) can1 0000296F [8] 00 17 00 00 00 00 35 00
(1771612254.847263) can1 00000001 [4] 00 00 4E 20
(1771612254.857205) can1 00000001 [4] 00 00 4E 20
(1771612254.866504) can1 0000296F [8] 00 17 00 00 00 00 35 00
(1771612254.867185) can1 00000001 [4] 00 00 4E 20
(1771612254.877093) can1 00000001 [4] 00 00 4E 20
(1771612254.886582) can1 0000296F [8] 00 17 00 00 00 00 35 00
(1771612254.887117) can1 00000001 [4] 00 00 4E 20
(1771612254.897243) can1 00000001 [4] 00 00 4E 20
(1771612254.906510) can1 0000296F [8] 00 17 00 00 00 00 35 00
(1771612254.907230) can1 00000001 [4] 00 00 4E 20
(1771612254.917089) can1 00000001 [4] 00 00 4E 20
(1771612254.926496) can1 0000296F [8] 00 17 00 00 00 00 35 00
(1771612254.927248) can1 00000001 [4] 00 00 4E 20
(1771612254.937224) can1 00000001 [4] 00 00 4E 20
(1771612254.946583) can1 0000296F [8] 00 17 00 00 00 00 35 00
(1771612254.947295) can1 00000001 [4] 00 00 4E 20
(1771612254.957139) can1 00000001 [4] 00 00 4E 20
(1771612254.966594) can1 0000296F [8] 00 17 00 00 00 00 35 00
(1771612254.967256) can1 00000001 [4] 00 00 4E 20
(1771612254.977328) can1 00000001 [4] 00 00 4E 20
(1771612254.986501) can1 0000296F [8] 00 17 00 00 00 00 35 00
(1771612254.987175) can1 00000001 [4] 00 00 4E 20
(1771612254.997197) can1 00000001 [4] 00 00 4E 20
(1771612255.006498) can1 0000296F [8] 00 17 00 00 00 00 35 00
(1771612255.007150) can1 00000001 [4] 00 00 4E 20
(1771612255.017138) can1 00000001 [4] 00 00 4E 20
(1771612255.026494) can1 0000296F [8] 00 17 00 00 00 00 35 00
(1771612255.027129) can1 00000001 [4] 00 00 4E 20
(1771612255.037191) can1 00000001 [4] 00 00 4E 20
(1771612255.046578) can1 0000296F [8] 00 17 00 00 00 00 35 00
(1771612255.047154) can1 00000001 [4] 00 00 4E 20
(1771612255.057203) can1 00000001 [4] 00 00 4E 20
(1771612255.066582) can1 0000296F [8] 00 17 00 00 00 00 35 00
(1771612255.067185) can1 00000001 [4] 00 00 4E 20
(1771612255.077213) can1 00000001 [4] 00 00 4E 20
(1771612255.086585) can1 0000296F [8] 00 17 00 00 00 00 35 00
(1771612255.087188) can1 00000001 [4] 00 00 4E 20
(1771612255.097209) can1 00000001 [4] 00 00 4E 20
(1771612255.106579) can1 0000296F [8] 00 17 00 00 00 00 35 00
(1771612255.107146) can1 00000001 [4] 00 00 4E 20
(1771612255.117129) can1 00000001 [4] 00 00 4E 20
(1771612255.126571) can1 0000296F [8] 00 17 00 00 00 00 35 00
(1771612255.127126) can1 00000001 [4] 00 00 4E 20
(1771612255.137192) can1 00000001 [4] 00 00 4E 20
(1771612255.146577) can1 0000296F [8] 00 17 00 00 00 00 35 00
(1771612255.147150) can1 00000001 [4] 00 00 4E 20
(1771612255.157184) can1 00000001 [4] 00 00 4E 20
(1771612255.166584) can1 0000296F [8] 00 17 00 00 00 00 35 00
(1771612255.167170) can1 00000001 [4] 00 00 4E 20
(1771612255.177187) can1 00000001 [4] 00 00 4E 20
(1771612255.186574) can1 0000296F [8] 00 17 00 00 00 00 35 00
(1771612255.187141) can1 00000001 [4] 00 00 4E 20
(1771612255.197186) can1 00000001 [4] 00 00 4E 20
(1771612255.206577) can1 0000296F [8] 00 17 00 00 00 00 35 00
(1771612255.207179) can1 00000001 [4] 00 00 4E 20
(1771612255.217167) can1 00000001 [4] 00 00 4E 20
(1771612255.226577) can1 0000296F [8] 00 17 00 00 00 00 35 00
(1771612255.227149) can1 00000001 [4] 00 00 4E 20
(1771612255.237123) can1 00000001 [4] 00 00 4E 20
(1771612255.246638) can1 0000296F [8] 00 17 00 00 00 00 35 00
(1771612255.247237) can1 00000001 [4] 00 00 4E 20
(1771612255.257134) can1 00000001 [4] 00 00 4E 20
(1771612255.266583) can1 0000296F [8] 00 17 00 00 00 00 35 00
(1771612255.267168) can1 00000001 [4] 00 00 4E 20
(1771612255.277187) can1 00000001 [4] 00 00 4E 20
(1771612255.286575) can1 0000296F [8] 00 17 00 00 00 00 35 00
(1771612255.287141) can1 00000001 [4] 00 00 4E 20
(1771612255.297187) can1 00000001 [4] 00 00 4E 20
(1771612255.306574) can1 0000296F [8] 00 17 00 00 00 00 35 00
(1771612255.307141) can1 00000001 [4] 00 00 4E 20
(1771612255.317119) can1 00000001 [4] 00 00 4E 20
(1771612255.326566) can1 0000296F [8] 00 17 FF FF 00 00 35 00
(1771612255.327124) can1 00000001 [4] 00 00 4E 20
(1771612255.337227) can1 00000001 [4] 00 00 4E 20
(1771612255.346577) can1 0000296F [8] 00 17 00 00 00 00 35 00
(1771612255.347379) can1 00000001 [4] 00 00 4E 20
(1771612255.357168) can1 00000001 [4] 00 00 4E 20
(1771612255.366583) can1 0000296F [8] 00 17 00 00 00 00 35 00
(1771612255.367178) can1 00000001 [4] 00 00 4E 20
(1771612255.377190) can1 00000001 [4] 00 00 4E 20
(1771612255.386580) can1 0000296F [8] 00 17 00 00 00 00 35 00
(1771612255.387120) can1 00000001 [4] 00 00 4E 20
(1771612255.397177) can1 00000001 [4] 00 00 4E 20
(1771612255.406577) can1 0000296F [8] 00 17 00 00 00 00 35 00
(1771612255.407152) can1 00000001 [4] 00 00 4E 20
(1771612255.417185) can1 00000001 [4] 00 00 4E 20
(1771612255.426576) can1 0000296F [8] 00 17 00 00 00 00 35 00
(1771612255.427074) can1 00000001 [4] 00 00 4E 20
(1771612255.437110) can1 00000001 [4] 00 00 4E 20
(1771612255.446575) can1 0000296F [8] 00 17 00 00 00 00 35 00
(1771612255.447114) can1 00000001 [4] 00 00 4E 20
(1771612255.457100) can1 00000001 [4] 00 00 4E 20
(1771612255.466534) can1 0000296F [8] 00 17 00 00 00 00 35 00
(1771612255.467130) can1 00000001 [4] 00 00 4E 20
(1771612255.477216) can1 00000001 [4] 00 00 4E 20
(1771612255.486579) can1 0000296F [8] 00 17 00 00 00 00 35 00
(1771612255.487181) can1 00000001 [4] 00 00 4E 20
(1771612255.497200) can1 00000001 [4] 00 00 4E 20
(1771612255.506574) can1 0000296F [8] 00 17 00 00 00 00 35 00
(1771612255.507067) can1 00000001 [4] 00 00 4E 20
(1771612255.517107) can1 00000001 [4] 00 00 4E 20
(1771612255.526571) can1 0000296F [8] 00 17 00 00 00 00 35 00
(1771612255.527158) can1 00000001 [4] 00 00 4E 20
(1771612255.537172) can1 00000001 [4] 00 00 4E 20
(1771612255.546577) can1 0000296F [8] 00 17 00 00 00 00 35 00
(1771612255.547084) can1 00000001 [4] 00 00 4E 20
(1771612255.557140) can1 00000001 [4] 00 00 4E 20
(1771612255.566584) can1 0000296F [8] 00 17 00 00 00 00 35 00
(1771612255.567218) can1 00000001 [4] 00 00 4E 20
(1771612255.577206) can1 00000001 [4] 00 00 4E 20
(1771612255.586575) can1 0000296F [8] 00 17 00 00 00 00 35 00
(1771612255.587039) can1 00000001 [4] 00 00 4E 20
(1771612255.597082) can1 00000001 [4] 00 00 4E 20
(1771612255.606573) can1 0000296F [8] 00 17 00 00 00 00 35 00
(1771612255.607046) can1 00000001 [4] 00 00 4E 20
(1771612255.617134) can1 00000001 [4] 00 00 4E 20
(1771612255.626568) can1 0000296F [8] 00 17 00 00 00 00 35 00
(1771612255.627082) can1 00000001 [4] 00 00 4E 20
(1771612255.637140) can1 00000001 [4] 00 00 4E 20
(1771612255.646578) can1 0000296F [8] 00 17 00 00 00 00 35 00
(1771612255.647358) can1 00000001 [4] 00 00 4E 20
(1771612255.657283) can1 00000001 [4] 00 00 4E 20
(1771612255.666576) can1 0000296F [8] 00 17 FF FF 00 00 35 00
(1771612255.667139) can1 00000001 [4] 00 00 4E 20
(1771612255.677097) can1 00000001 [4] 00 00 4E 20
(1771612255.686563) can1 0000296F [8] 00 17 00 00 00 00 35 00
(1771612255.687108) can1 00000001 [4] 00 00 4E 20
(1771612255.697200) can1 00000001 [4] 00 00 4E 20
(1771612255.706581) can1 0000296F [8] 00 17 00 00 00 00 35 00
(1771612255.707177) can1 00000001 [4] 00 00 4E 20
(1771612255.717118) can1 00000001 [4] 00 00 4E 20
(1771612255.726583) can1 0000296F [8] 00 17 00 00 00 00 35 00
(1771612255.727206) can1 00000001 [4] 00 00 4E 20
(1771612255.737139) can1 00000001 [4] 00 00 4E 20
(1771612255.746580) can1 0000296F [8] 00 17 00 00 00 00 35 00
(1771612255.747171) can1 00000001 [4] 00 00 4E 20
(1771612255.757128) can1 00000001 [4] 00 00 4E 20
(1771612255.766571) can1 0000296F [8] 00 17 00 00 00 00 35 00
(1771612255.767122) can1 00000001 [4] 00 00 4E 20
(1771612255.777122) can1 00000001 [4] 00 00 4E 20
(1771612255.786571) can1 0000296F [8] 00 17 00 00 00 00 35 00
(1771612255.787084) can1 00000001 [4] 00 00 4E 20
(1771612255.797232) can1 00000001 [4] 00 00 4E 20
(1771612255.806572) can1 0000296F [8] 00 17 00 00 00 00 35 00
(1771612255.807161) can1 00000001 [4] 00 00 4E 20
(1771612255.817139) can1 00000001 [4] 00 00 4E 20
(1771612255.826564) can1 0000296F [8] 00 17 00 00 00 00 35 00
(1771612255.827068) can1 00000001 [4] 00 00 4E 20
(1771612255.837124) can1 00000001 [4] 00 00 4E 20
(1771612255.846562) can1 0000296F [8] 00 17 00 00 00 00 35 00
(1771612255.847135) can1 00000001 [4] 00 00 4E 20
(1771612255.857116) can1 00000001 [4] 00 00 4E 20
(1771612255.866561) can1 0000296F [8] 00 17 00 00 00 00 35 00
(1771612255.867105) can1 00000001 [4] 00 00 4E 20
(1771612255.877201) can1 00000001 [4] 00 00 4E 20
(1771612255.886504) can1 0000296F [8] 00 17 00 00 00 00 35 00
(1771612255.887122) can1 00000001 [4] 00 00 4E 20
(1771612255.897185) can1 00000001 [4] 00 00 4E 20
(1771612255.906534) can1 0000296F [8] 00 17 00 00 00 00 35 00
(1771612255.907190) can1 00000001 [4] 00 00 4E 20
(1771612255.917092) can1 00000001 [4] 00 00 4E 20
(1771612255.926555) can1 0000296F [8] 00 17 00 00 00 00 35 00
(1771612255.927087) can1 00000001 [4] 00 00 4E 20
(1771612255.937102) can1 00000001 [4] 00 00 4E 20
(1771612255.946562) can1 0000296F [8] 00 17 00 00 00 00 35 00
(1771612255.947100) can1 00000001 [4] 00 00 4E 20
(1771612255.957141) can1 00000001 [4] 00 00 4E 20
(1771612255.966560) can1 0000296F [8] 00 17 00 00 00 00 35 00
(1771612255.967097) can1 00000001 [4] 00 00 4E 20
(1771612255.977140) can1 00000001 [4] 00 00 4E 20
(1771612255.986570) can1 0000296F [8] 00 17 00 00 00 00 35 00
(1771612255.987113) can1 00000001 [4] 00 00 4E 20
(1771612255.997133) can1 00000001 [4] 00 00 4E 20
(1771612256.006556) can1 0000296F [8] 00 17 00 00 00 00 35 00
(1771612256.007093) can1 00000001 [4] 00 00 4E 20
(1771612256.017112) can1 00000001 [4] 00 00 4E 20
(1771612256.026554) can1 0000296F [8] 00 17 00 00 00 00 35 00
(1771612256.027081) can1 00000001 [4] 00 00 4E 20
(1771612256.037204) can1 00000001 [4] 00 00 4E 20
(1771612256.046559) can1 0000296F [8] 00 17 00 00 00 00 35 00
(1771612256.047122) can1 00000001 [4] 00 00 4E 20
(1771612256.057159) can1 00000001 [4] 00 00 4E 20
(1771612256.066561) can1 0000296F [8] 00 17 00 00 00 00 35 00
(1771612256.067113) can1 00000001 [4] 00 00 4E 20
(1771612256.077125) can1 00000001 [4] 00 00 4E 20
(1771612256.086555) can1 0000296F [8] 00 17 00 00 00 00 35 00
(1771612256.087097) can1 00000001 [4] 00 00 4E 20
(1771612256.097140) can1 00000001 [4] 00 00 4E 20
(1771612256.106569) can1 0000296F [8] 00 17 00 00 00 00 35 00
(1771612256.107149) can1 00000001 [4] 00 00 4E 20
(1771612256.117230) can1 00000001 [4] 00 00 4E 20
(1771612256.126560) can1 0000296F [8] 00 17 00 00 00 00 35 00
(1771612256.127104) can1 00000001 [4] 00 00 4E 20
(1771612256.137115) can1 00000001 [4] 00 00 4E 20
(1771612256.146555) can1 0000296F [8] 00 17 00 00 00 00 35 00
(1771612256.147078) can1 00000001 [4] 00 00 4E 20
(1771612256.157075) can1 00000001 [4] 00 00 4E 20
(1771612256.166554) can1 0000296F [8] 00 17 00 00 00 00 35 00
(1771612256.167096) can1 00000001 [4] 00 00 4E 20
(1771612256.177207) can1 00000001 [4] 00 00 4E 20
(1771612256.186561) can1 0000296F [8] 00 17 00 00 00 00 35 00
(1771612256.187109) can1 00000001 [4] 00 00 4E 20
(1771612256.197183) can1 00000001 [4] 00 00 4E 20
(1771612256.206553) can1 0000296F [8] 00 17 00 00 00 00 35 00
(1771612256.207119) can1 00000001 [4] 00 00 4E 20
(1771612256.217101) can1 00000001 [4] 00 00 4E 20
(1771612256.226554) can1 0000296F [8] 00 17 00 00 00 00 35 00
(1771612256.227088) can1 00000001 [4] 00 00 4E 20
(1771612256.237161) can1 00000001 [4] 00 00 4E 20
(1771612256.246553) can1 0000296F [8] 00 17 00 00 00 00 35 00
(1771612256.247141) can1 00000001 [4] 00 00 4E 20
(1771612256.257152) can1 00000001 [4] 00 00 4E 20
(1771612256.266554) can1 0000296F [8] 00 17 00 00 00 00 35 00
(1771612256.267098) can1 00000001 [4] 00 00 4E 20
(1771612256.277143) can1 00000001 [4] 00 00 4E 20
(1771612256.286550) can1 0000296F [8] 00 17 FF FF 00 00 35 00
(1771612256.287125) can1 00000001 [4] 00 00 4E 20
(1771612256.297139) can1 00000001 [4] 00 00 4E 20
(1771612256.306558) can1 0000296F [8] 00 17 00 00 00 00 35 00
(1771612256.307118) can1 00000001 [4] 00 00 4E 20
(1771612256.317185) can1 00000001 [4] 00 00 4E 20
(1771612256.326552) can1 0000296F [8] 00 17 00 00 00 00 35 00
(1771612256.327142) can1 00000001 [4] 00 00 4E 20
(1771612256.337119) can1 00000001 [4] 00 00 4E 20
(1771612256.346550) can1 0000296F [8] 00 17 00 00 00 00 35 00
(1771612256.347107) can1 00000001 [4] 00 00 4E 20
(1771612256.357110) can1 00000001 [4] 00 00 4E 20
(1771612256.366502) can1 0000296F [8] 00 17 00 00 00 00 35 00
(1771612256.367209) can1 00000001 [4] 00 00 4E 20
(1771612256.377126) can1 00000001 [4] 00 00 4E 20
(1771612256.386560) can1 0000296F [8] 00 17 00 00 00 00 35 00
(1771612256.387108) can1 00000001 [4] 00 00 4E 20
(1771612256.397129) can1 00000001 [4] 00 00 4E 20
(1771612256.406490) can1 0000296F [8] 00 17 00 00 00 00 35 00
(1771612256.407114) can1 00000001 [4] 00 00 4E 20
(1771612256.417109) can1 00000001 [4] 00 00 4E 20
(1771612256.426549) can1 0000296F [8] 00 17 00 00 00 00 35 00
(1771612256.427097) can1 00000001 [4] 00 00 4E 20
(1771612256.437097) can1 00000001 [4] 00 00 4E 20
(1771612256.446562) can1 0000296F [8] 00 17 00 00 00 00 35 00
(1771612256.447147) can1 00000001 [4] 00 00 4E 20
(1771612256.457115) can1 00000001 [4] 00 00 4E 20
(1771612256.466560) can1 0000296F [8] 00 17 00 00 00 00 35 00
(1771612256.467154) can1 00000001 [4] 00 00 4E 20
(1771612256.477135) can1 00000001 [4] 00 00 4E 20
(1771612256.486584) can1 0000296F [8] 00 17 00 00 00 00 35 00
(1771612256.487233) can1 00000001 [4] 00 00 4E 20
(1771612256.497173) can1 00000001 [4] 00 00 4E 20
(1771612256.506495) can1 0000296F [8] 00 17 00 00 00 00 35 00
(1771612256.507135) can1 00000001 [4] 00 00 4E 20
(1771612256.517253) can1 00000001 [4] 00 00 4E 20
(1771612256.526499) can1 0000296F [8] 00 17 00 00 00 00 35 00
(1771612256.527156) can1 00000001 [4] 00 00 4E 20
(1771612256.537146) can1 00000001 [4] 00 00 4E 20
(1771612256.546547) can1 0000296F [8] 00 17 00 01 00 00 35 00
(1771612256.547095) can1 00000001 [4] 00 00 4E 20
(1771612256.557120) can1 00000001 [4] 00 00 4E 20
(1771612256.566486) can1 0000296F [8] 00 17 FF FF 00 00 35 00
(1771612256.567092) can1 00000001 [4] 00 00 4E 20
(1771612256.577168) can1 00000001 [4] 00 00 4E 20
(1771612256.586563) can1 0000296F [8] 00 17 00 00 00 00 35 00
(1771612256.587131) can1 00000001 [4] 00 00 4E 20
(1771612256.597191) can1 00000001 [4] 00 00 4E 20
(1771612256.606555) can1 0000296F [8] 00 17 00 00 00 00 35 00
(1771612256.607103) can1 00000001 [4] 00 00 4E 20
(1771612256.617108) can1 00000001 [4] 00 00 4E 20
(1771612256.626539) can1 0000296F [8] 00 17 00 00 00 00 35 00
(1771612256.627092) can1 00000001 [4] 00 00 4E 20
(1771612256.637092) can1 00000001 [4] 00 00 4E 20
(1771612256.646546) can1 0000296F [8] 00 17 00 00 00 00 35 00
(1771612256.647134) can1 00000001 [4] 00 00 4E 20
(1771612256.657132) can1 00000001 [4] 00 00 4E 20
(1771612256.666477) can1 0000296F [8] 00 17 00 00 00 00 35 00
(1771612256.667113) can1 00000001 [4] 00 00 4E 20
(1771612256.677152) can1 00000001 [4] 00 00 4E 20
(1771612256.686538) can1 0000296F [8] 00 17 00 00 00 00 35 00
(1771612256.687105) can1 00000001 [4] 00 00 4E 20
(1771612256.697118) can1 00000001 [4] 00 00 4E 20
(1771612256.706544) can1 0000296F [8] 00 17 00 01 00 00 35 00
(1771612256.707114) can1 00000001 [4] 00 00 4E 20
(1771612256.717127) can1 00000001 [4] 00 00 4E 20
(1771612256.726548) can1 0000296F [8] 00 17 00 00 00 00 35 00
(1771612256.727179) can1 00000001 [4] 00 00 4E 20
(1771612256.737190) can1 00000001 [4] 00 00 4E 20
(1771612256.746544) can1 0000296F [8] 00 17 00 00 00 00 35 00
(1771612256.747123) can1 00000001 [4] 00 00 4E 20
(1771612256.757123) can1 00000001 [4] 00 00 4E 20
(1771612256.766542) can1 0000296F [8] 00 17 00 00 00 00 35 00
(1771612256.767108) can1 00000001 [4] 00 00 4E 20
(1771612256.777129) can1 00000001 [4] 00 00 4E 20
(1771612256.786543) can1 0000296F [8] 00 17 FF FF 00 00 35 00
(1771612256.787174) can1 00000001 [4] 00 00 4E 20
(1771612256.797171) can1 00000001 [4] 00 00 4E 20
(1771612256.806577) can1 0000296F [8] 00 17 00 00 00 00 35 00
(1771612256.807313) can1 00000001 [4] 00 00 4E 20
(1771612256.817212) can1 00000001 [4] 00 00 4E 20
(1771612256.826539) can1 0000296F [8] 00 17 00 00 00 00 35 00
(1771612256.827252) can1 00000001 [4] 00 00 4E 20
(1771612256.837091) can1 00000001 [4] 00 00 4E 20
(1771612256.846565) can1 0000296F [8] 00 17 00 00 00 00 35 00
(1771612256.847138) can1 00000001 [4] 00 00 4E 20
(1771612256.857165) can1 00000001 [4] 00 00 4E 20
(1771612256.866526) can1 0000296F [8] 00 17 00 00 00 00 35 00
(1771612256.867422) can1 00000001 [4] 00 00 4E 20
(1771612256.877312) can1 00000001 [4] 00 00 4E 20
(1771612256.886525) can1 0000296F [8] 00 17 00 00 00 00 35 00
(1771612256.887098) can1 00000001 [4] 00 00 4E 20
(1771612256.897087) can1 00000001 [4] 00 00 4E 20
(1771612256.906544) can1 0000296F [8] 00 17 00 00 00 00 35 00
(1771612256.907059) can1 00000001 [4] 00 00 4E 20
(1771612256.917069) can1 00000001 [4] 00 00 4E 20
(1771612256.926548) can1 0000296F [8] 00 17 FF FF 00 00 35 00
(1771612256.927079) can1 00000001 [4] 00 00 4E 20
(1771612256.937111) can1 00000001 [4] 00 00 4E 20
(1771612256.946546) can1 0000296F [8] 00 17 00 00 00 00 35 00
(1771612256.947070) can1 00000001 [4] 00 00 4E 20
(1771612256.957067) can1 00000001 [4] 00 00 4E 20
(1771612256.966542) can1 0000296F [8] 00 17 00 00 00 00 35 00
(1771612256.967052) can1 00000001 [4] 00 00 4E 20
(1771612256.977076) can1 00000001 [4] 00 00 4E 20
(1771612256.986544) can1 0000296F [8] 00 17 00 00 00 00 35 00
(1771612256.987059) can1 00000001 [4] 00 00 4E 20
(1771612256.997132) can1 00000001 [4] 00 00 4E 20
(1771612257.006559) can1 0000296F [8] 00 17 00 00 00 00 35 00
(1771612257.007123) can1 00000001 [4] 00 00 4E 20
(1771612257.017124) can1 00000001 [4] 00 00 4E 20
(1771612257.026549) can1 0000296F [8] 00 17 00 00 00 00 35 00
(1771612257.027109) can1 00000001 [4] 00 00 4E 20
(1771612257.037080) can1 00000001 [4] 00 00 4E 20
(1771612257.046546) can1 0000296F [8] 00 17 00 00 00 00 35 00
(1771612257.047097) can1 00000001 [4] 00 00 4E 20
(1771612257.057104) can1 00000001 [4] 00 00 4E 20
(1771612257.066549) can1 0000296F [8] 00 17 00 00 00 00 35 00
(1771612257.067041) can1 00000001 [4] 00 00 4E 20
(1771612257.077118) can1 00000001 [4] 00 00 4E 20
(1771612257.086548) can1 0000296F [8] 00 17 00 00 00 00 35 00
(1771612257.087104) can1 00000001 [4] 00 00 4E 20
(1771612257.097153) can1 00000001 [4] 00 00 4E 20
(1771612257.106549) can1 0000296F [8] 00 17 00 00 00 00 35 00
(1771612257.107079) can1 00000001 [4] 00 00 4E 20
(1771612257.117127) can1 00000001 [4] 00 00 4E 20
(1771612257.126566) can1 0000296F [8] 00 17 00 00 00 00 35 00
(1771612257.127189) can1 00000001 [4] 00 00 4E 20
(1771612257.138155) can1 00000001 [8] FF FF FF FF FF FF FF FD
(1771612257.146578) can1 0000296F [8] 00 17 00 00 00 00 35 00
(1771612257.166569) can1 0000296F [8] 00 17 00 00 00 00 35 00
(1771612257.186626) can1 0000296F [8] 00 17 FF FF 00 00 35 00
(1771612257.206671) can1 0000296F [8] 00 17 00 00 00 00 35 00
(1771612257.226540) can1 0000296F [8] 00 17 00 00 00 00 35 00
(1771612257.246464) can1 0000296F [8] 00 17 00 00 00 00 35 00
(1771612257.266470) can1 0000296F [8] 00 17 00 00 00 00 35 00
(1771612257.286524) can1 0000296F [8] 00 17 00 00 00 00 35 00
(1771612257.306525) can1 0000296F [8] 00 17 00 00 00 00 35 00
(1771612257.326463) can1 0000296F [8] 00 17 00 00 00 00 35 00
(1771612257.346568) can1 0000296F [8] 00 17 00 00 00 00 35 00
(1771612257.366528) can1 0000296F [8] 00 17 00 00 00 00 35 00
(1771612257.386528) can1 0000296F [8] 00 17 00 00 00 00 35 00
(1771612257.406565) can1 0000296F [8] 00 17 00 00 00 00 35 00
(1771612257.426574) can1 0000296F [8] 00 17 00 01 00 00 35 00
(1771612257.446553) can1 0000296F [8] 00 17 00 00 00 00 35 00
(1771612257.466491) can1 0000296F [8] 00 17 00 00 00 00 35 00
(1771612257.486539) can1 0000296F [8] 00 17 00 00 00 00 35 00
(1771612257.506494) can1 0000296F [8] 00 17 00 00 00 00 35 00
(1771612257.526564) can1 0000296F [8] 00 17 00 00 00 00 35 00
(1771612257.546479) can1 0000296F [8] 00 17 00 00 00 00 35 00
(1771612257.566602) can1 0000296F [8] 00 17 00 00 00 00 35 00
(1771612257.586593) can1 0000296F [8] 00 17 00 00 00 00 35 00
(1771612257.606519) can1 0000296F [8] 00 17 00 00 00 00 35 00
(1771612257.626480) can1 0000296F [8] 00 17 00 00 00 00 35 00
(1771612257.646489) can1 0000296F [8] 00 17 00 00 00 00 35 00
(1771612257.666492) can1 0000296F [8] 00 17 00 00 00 00 35 00
(1771612257.686600) can1 0000296F [8] 00 17 00 00 00 00 35 00
(1771612257.706572) can1 0000296F [8] 00 17 00 00 00 00 35 00
(1771612257.726536) can1 0000296F [8] 00 17 00 01 00 00 35 00
(1771612257.746538) can1 0000296F [8] 00 17 00 00 00 00 35 00
(1771612257.766548) can1 0000296F [8] 00 17 00 00 00 00 35 00
(1771612257.786557) can1 0000296F [8] 00 17 00 00 00 00 35 00
(1771612257.806510) can1 0000296F [8] 00 17 00 00 00 00 35 00
(1771612257.826566) can1 0000296F [8] 00 17 00 00 00 00 35 00
(1771612257.846500) can1 0000296F [8] 00 17 00 00 00 00 35 00
(1771612257.866577) can1 0000296F [8] 00 17 00 00 00 00 35 00
(1771612257.886479) can1 0000296F [8] 00 17 00 00 00 00 35 00
(1771612257.906554) can1 0000296F [8] 00 17 00 00 00 00 35 00
(1771612257.926546) can1 0000296F [8] 00 17 00 00 00 00 35 00
(1771612257.946533) can1 0000296F [8] 00 17 00 00 00 00 35 00
(1771612257.966462) can1 0000296F [8] 00 17 00 00 00 00 35 00
(1771612257.986455) can1 0000296F [8] 00 17 00 00 00 00 35 00
(1771612258.006454) can1 0000296F [8] 00 17 00 00 00 00 35 00
(1771612258.026544) can1 0000296F [8] 00 17 00 00 00 00 35 00
(1771612258.046531) can1 0000296F [8] 00 17 00 00 00 00 35 00
(1771612258.066455) can1 0000296F [8] 00 17 00 00 00 00 35 00
(1771612258.086456) can1 0000296F [8] 00 17 00 00 00 00 35 00
(1771612258.106529) can1 0000296F [8] 00 17 00 00 00 00 35 00
(1771612258.126455) can1 0000296F [8] 00 17 00 00 00 00 35 00
(1771612258.146501) can1 0000296F [8] 00 17 00 00 00 00 35 00
(1771612258.166528) can1 0000296F [8] 00 17 00 00 00 00 35 00
(1771612258.186453) can1 0000296F [8] 00 17 00 00 00 00 35 00
(1771612258.206509) can1 0000296F [8] 00 17 FF FF 00 00 35 00
(1771612258.226516) can1 0000296F [8] 00 17 FF FF 00 00 35 00
(1771612258.246516) can1 0000296F [8] 00 17 00 00 00 00 35 00
(1771612258.266450) can1 0000296F [8] 00 17 00 00 00 00 35 00
(1771612258.286512) can1 0000296F [8] 00 17 00 00 00 00 35 00
(1771612258.306450) can1 0000296F [8] 00 17 00 00 00 00 35 00
(1771612258.326449) can1 0000296F [8] 00 17 00 00 00 00 35 00
(1771612258.346509) can1 0000296F [8] 00 17 00 00 00 00 35 00
(1771612258.366528) can1 0000296F [8] 00 17 00 00 00 00 35 00
(1771612258.386459) can1 0000296F [8] 00 17 00 00 00 00 35 00
(1771612258.406511) can1 0000296F [8] 00 17 00 00 00 00 35 00
(1771612258.426460) can1 0000296F [8] 00 17 00 00 00 00 35 00
(1771612258.446519) can1 0000296F [8] 00 17 00 00 00 00 35 00
(1771612258.466558) can1 0000296F [8] 00 17 00 00 00 00 35 00
(1771612258.486511) can1 0000296F [8] 00 17 00 00 00 00 35 00
(1771612258.506510) can1 0000296F [8] 00 17 00 00 00 00 35 00
(1771612258.526520) can1 0000296F [8] 00 17 00 00 00 00 35 00
(1771612258.546515) can1 0000296F [8] 00 17 00 00 00 00 35 00
(1771612258.566519) can1 0000296F [8] 00 17 00 00 00 00 35 00
(1771612258.586515) can1 0000296F [8] 00 17 00 00 00 00 35 00
(1771612258.606532) can1 0000296F [8] 00 17 00 00 00 00 35 00
(1771612258.626520) can1 0000296F [8] 00 17 00 00 00 00 35 00
(1771612258.646461) can1 0000296F [8] 00 17 00 00 00 00 35 00
(1771612258.666474) can1 0000296F [8] 00 17 00 00 00 00 35 00
(1771612258.686508) can1 0000296F [8] 00 17 00 00 00 00 35 00
(1771612258.706448) can1 0000296F [8] 00 17 00 00 00 00 35 00
(1771612258.726519) can1 0000296F [8] 00 17 00 00 00 00 35 00
(1771612258.746510) can1 0000296F [8] 00 17 00 00 00 00 35 00
(1771612258.766506) can1 0000296F [8] 00 17 00 00 00 00 35 00
(1771612258.786445) can1 0000296F [8] 00 17 00 00 00 00 35 00
(1771612258.806445) can1 0000296F [8] 00 17 00 00 00 00 35 00
(1771612258.826506) can1 0000296F [8] 00 17 00 00 00 00 35 00
(1771612258.846508) can1 0000296F [8] 00 17 00 00 00 00 35 00
(1771612258.866507) can1 0000296F [8] 00 17 00 01 00 00 35 00
(1771612258.886506) can1 0000296F [8] 00 17 00 00 00 00 35 00
(1771612258.906520) can1 0000296F [8] 00 17 00 00 00 00 35 00
(1771612258.926509) can1 0000296F [8] 00 17 00 00 00 00 35 00
(1771612258.946508) can1 0000296F [8] 00 17 00 00 00 00 35 00
(1771612258.966444) can1 0000296F [8] 00 17 00 00 00 00 35 00
(1771612258.986517) can1 0000296F [8] 00 17 00 00 00 00 35 00
(1771612259.006505) can1 0000296F [8] 00 17 00 00 00 00 35 00
(1771612259.026503) can1 0000296F [8] 00 17 00 00 00 00 35 00
(1771612259.046453) can1 0000296F [8] 00 17 00 00 00 00 35 00
(1771612259.066451) can1 0000296F [8] 00 17 00 00 00 00 35 00
(1771612259.086501) can1 0000296F [8] 00 17 00 00 00 00 35 00
(1771612259.106503) can1 0000296F [8] 00 17 00 00 00 00 35 00
(1771612259.126507) can1 0000296F [8] 00 17 00 00 00 00 35 00
(1771612259.146504) can1 0000296F [8] 00 17 00 00 00 00 35 00
(1771612259.166481) can1 0000296F [8] 00 17 00 00 00 00 35 00
(1771612259.186511) can1 0000296F [8] 00 17 00 00 00 00 35 00
(1771612259.206502) can1 0000296F [8] 00 17 00 00 00 00 35 00
(1771612259.226447) can1 0000296F [8] 00 17 00 00 00 00 35 00
(1771612259.246441) can1 0000296F [8] 00 17 FF FF 00 00 35 00
(1771612259.266501) can1 0000296F [8] 00 17 00 00 00 00 35 00
(1771612259.286439) can1 0000296F [8] 00 17 00 00 00 00 35 00
(1771612259.306500) can1 0000296F [8] 00 17 00 00 00 00 35 00
(1771612259.326500) can1 0000296F [8] 00 17 00 00 00 00 35 00
(1771612259.346498) can1 0000296F [8] 00 17 00 00 00 00 35 00
(1771612259.366500) can1 0000296F [8] 00 17 00 00 00 00 35 00
(1771612259.386505) can1 0000296F [8] 00 17 00 00 00 00 35 00
(1771612259.406502) can1 0000296F [8] 00 17 00 00 00 00 35 00
(1771612259.426499) can1 0000296F [8] 00 17 00 00 00 00 35 00
(1771612259.446496) can1 0000296F [8] 00 17 00 00 00 00 35 00
(1771612259.466514) can1 0000296F [8] 00 17 00 00 00 00 35 00
(1771612259.486503) can1 0000296F [8] 00 17 00 00 00 00 35 00
(1771612259.506495) can1 0000296F [8] 00 17 00 00 00 00 35 00
(1771612259.526500) can1 0000296F [8] 00 17 00 00 00 00 35 00
(1771612259.546507) can1 0000296F [8] 00 17 00 00 00 00 35 00
(1771612259.566505) can1 0000296F [8] 00 17 00 00 00 00 35 00
(1771612259.586504) can1 0000296F [8] 00 17 00 00 00 00 35 00
(1771612259.606509) can1 0000296F [8] 00 17 00 00 00 00 35 00
(1771612259.626495) can1 0000296F [8] 00 17 00 00 00 00 35 00
(1771612259.646504) can1 0000296F [8] 00 17 00 00 00 00 35 00
(1771612259.666508) can1 0000296F [8] 00 17 00 00 00 00 35 00
(1771612259.686509) can1 0000296F [8] 00 17 00 00 00 00 35 00
(1771612259.706497) can1 0000296F [8] 00 17 00 00 00 00 35 00
(1771612259.726504) can1 0000296F [8] 00 17 00 00 00 00 35 00
(1771612259.746500) can1 0000296F [8] 00 17 00 00 00 00 35 00
(1771612259.766494) can1 0000296F [8] 00 17 00 00 00 00 35 00
(1771612259.786435) can1 0000296F [8] 00 17 00 00 00 00 35 00
(1771612259.806506) can1 0000296F [8] 00 17 00 00 00 00 35 00
(1771612259.826493) can1 0000296F [8] 00 17 00 00 00 00 35 00
(1771612259.846496) can1 0000296F [8] 00 17 00 00 00 00 35 00
(1771612259.866506) can1 0000296F [8] 00 17 00 00 00 00 35 00
(1771612259.886499) can1 0000296F [8] 00 17 00 00 00 00 35 00
(1771612259.906492) can1 0000296F [8] 00 17 00 00 00 00 35 00
(1771612259.926506) can1 0000296F [8] 00 17 00 00 00 00 35 00
(1771612259.946493) can1 0000296F [8] 00 17 00 00 00 00 35 00
(1771612259.966492) can1 0000296F [8] 00 17 00 00 00 00 35 00
(1771612259.986490) can1 0000296F [8] 00 17 00 00 00 00 35 00
(1771612260.006509) can1 0000296F [8] 00 17 00 00 00 00 35 00
(1771612260.026495) can1 0000296F [8] 00 17 00 00 00 00 35 00
(1771612260.046489) can1 0000296F [8] 00 17 00 00 00 00 35 00
(1771612260.066504) can1 0000296F [8] 00 17 00 00 00 00 35 00
(1771612260.086466) can1 0000296F [8] 00 17 00 00 00 00 35 00
(1771612260.106490) can1 0000296F [8] 00 17 00 00 00 00 35 00
(1771612260.126491) can1 0000296F [8] 00 17 00 00 00 00 35 00
(1771612260.146461) can1 0000296F [8] 00 17 00 00 00 00 35 00
(1771612260.166492) can1 0000296F [8] 00 17 00 00 00 00 35 00
(1771612260.186491) can1 0000296F [8] 00 17 00 00 00 00 35 00
(1771612260.206470) can1 0000296F [8] 00 17 00 00 00 00 35 00
(1771612260.226470) can1 0000296F [8] 00 17 00 00 00 00 35 00
(1771612260.246487) can1 0000296F [8] 00 17 00 00 00 00 35 00
(1771612260.266504) can1 0000296F [8] 00 17 00 00 00 00 35 00
(1771612260.286504) can1 0000296F [8] 00 17 00 00 00 00 35 00
(1771612260.306488) can1 0000296F [8] 00 17 00 00 00 00 35 00
(1771612260.326491) can1 0000296F [8] 00 17 00 00 00 00 35 00
(1771612260.346427) can1 0000296F [8] 00 17 00 00 00 00 35 00
(1771612260.366426) can1 0000296F [8] 00 17 00 00 00 00 35 00
(1771612260.386487) can1 0000296F [8] 00 17 00 00 00 00 35 00
(1771612260.406502) can1 0000296F [8] 00 17 00 00 00 00 35 00
(1771612260.426431) can1 0000296F [8] 00 17 00 01 00 00 35 00
(1771612260.446483) can1 0000296F [8] 00 17 00 00 00 00 35 00
(1771612260.466501) can1 0000296F [8] 00 17 00 00 00 00 35 00
(1771612260.486485) can1 0000296F [8] 00 17 00 00 00 00 35 00
(1771612260.506437) can1 0000296F [8] 00 17 00 00 00 00 35 00
(1771612260.526432) can1 0000296F [8] 00 17 00 00 00 00 35 00
(1771612260.546425) can1 0000296F [8] 00 17 00 00 00 00 35 00
(1771612260.566425) can1 0000296F [8] 00 17 00 00 00 00 35 00
(1771612260.586486) can1 0000296F [8] 00 17 00 01 00 00 35 00
(1771612260.606500) can1 0000296F [8] 00 17 00 00 00 00 35 00
(1771612260.626458) can1 0000296F [8] 00 17 00 00 00 00 35 00
(1771612260.646421) can1 0000296F [8] 00 17 00 00 00 00 35 00
(1771612260.666496) can1 0000296F [8] 00 17 00 00 00 00 35 00
(1771612260.686499) can1 0000296F [8] 00 17 00 00 00 00 35 00
(1771612260.706422) can1 0000296F [8] 00 17 00 00 00 00 35 00
(1771612260.726430) can1 0000296F [8] 00 17 00 00 00 00 35 00
(1771612260.746431) can1 0000296F [8] 00 17 00 00 00 00 35 00
(1771612260.766436) can1 0000296F [8] 00 17 00 00 00 00 35 00
(1771612260.786486) can1 0000296F [8] 00 17 00 00 00 00 35 00
(1771612260.806493) can1 0000296F [8] 00 17 00 00 00 00 35 00
(1771612260.826427) can1 0000296F [8] 00 17 00 00 00 00 35 00
(1771612260.846480) can1 0000296F [8] 00 17 00 01 00 00 35 00
(1771612260.866452) can1 0000296F [8] 00 17 00 00 00 00 35 00
(1771612260.886430) can1 0000296F [8] 00 17 00 00 00 00 35 00
(1771612260.906491) can1 0000296F [8] 00 17 00 00 00 00 35 00
(1771612260.926479) can1 0000296F [8] 00 17 00 00 00 00 35 00
(1771612260.946469) can1 0000296F [8] 00 17 00 00 00 00 35 00
(1771612260.966423) can1 0000296F [8] 00 17 00 00 00 00 35 00
(1771612260.986491) can1 0000296F [8] 00 17 00 00 00 00 35 00
(1771612261.006452) can1 0000296F [8] 00 17 00 00 00 00 35 00
(1771612261.026487) can1 0000296F [8] 00 17 00 01 00 00 35 00
(1771612261.046418) can1 0000296F [8] 00 17 00 00 00 00 35 00
(1771612261.066447) can1 0000296F [8] 00 17 00 00 00 00 35 00
(1771612261.086495) can1 0000296F [8] 00 17 00 00 00 00 35 00
(1771612261.106485) can1 0000296F [8] 00 17 00 00 00 00 35 00
(1771612261.126483) can1 0000296F [8] 00 17 00 00 00 00 35 00
(1771612261.146481) can1 0000296F [8] 00 17 00 00 00 00 35 00
(1771612261.166481) can1 0000296F [8] 00 17 00 00 00 00 35 00
(1771612261.186491) can1 0000296F [8] 00 17 00 00 00 00 35 00
(1771612261.206489) can1 0000296F [8] 00 17 00 00 00 00 35 00
(1771612261.226486) can1 0000296F [8] 00 17 00 01 00 00 35 00
(1771612261.246476) can1 0000296F [8] 00 17 00 00 00 00 35 00
(1771612261.266419) can1 0000296F [8] 00 17 00 00 00 00 35 00
(1771612261.286486) can1 0000296F [8] 00 17 00 00 00 00 35 00
(1771612261.306479) can1 0000296F [8] 00 17 00 00 00 00 35 00
(1771612261.326477) can1 0000296F [8] 00 17 00 00 00 00 35 00
(1771612261.346477) can1 0000296F [8] 00 17 00 00 00 00 35 00
(1771612261.366473) can1 0000296F [8] 00 17 00 00 00 00 35 00
(1771612261.386476) can1 0000296F [8] 00 17 00 00 00 00 35 00
(1771612261.406476) can1 0000296F [8] 00 17 00 00 00 00 35 00
(1771612261.426412) can1 0000296F [8] 00 17 00 00 00 00 35 00
(1771612261.446490) can1 0000296F [8] 00 17 00 00 00 00 35 00
(1771612261.466477) can1 0000296F [8] 00 17 00 00 00 00 35 00
(1771612261.486472) can1 0000296F [8] 00 17 00 00 00 00 35 00
(1771612261.506422) can1 0000296F [8] 00 17 00 00 00 00 35 00
(1771612261.526477) can1 0000296F [8] 00 17 00 00 00 00 35 00
(1771612261.546476) can1 0000296F [8] 00 17 00 00 00 00 35 00
(1771612261.566478) can1 0000296F [8] 00 17 00 00 00 00 35 00
(1771612261.586483) can1 0000296F [8] 00 17 00 00 00 00 35 00
(1771612261.606481) can1 0000296F [8] 00 17 00 00 00 00 35 00
(1771612261.626420) can1 0000296F [8] 00 17 00 00 00 00 35 00
(1771612261.646410) can1 0000296F [8] 00 17 00 00 00 00 35 00
(1771612261.666473) can1 0000296F [8] 00 17 00 00 00 00 35 00
(1771612261.686416) can1 0000296F [8] 00 17 00 00 00 00 35 00
(1771612261.706448) can1 0000296F [8] 00 17 00 00 00 00 35 00
(1771612261.726480) can1 0000296F [8] 00 17 00 00 00 00 35 00
(1771612261.746408) can1 0000296F [8] 00 17 00 00 00 00 35 00
(1771612261.766416) can1 0000296F [8] 00 17 00 00 00 00 35 00
(1771612261.786471) can1 0000296F [8] 00 17 00 00 00 00 35 00
(1771612261.806457) can1 0000296F [8] 00 17 00 00 00 00 35 00
(1771612261.826487) can1 0000296F [8] 00 17 00 00 00 00 35 00
(1771612261.846434) can1 0000296F [8] 00 17 00 00 00 00 35 00
(1771612261.866458) can1 0000296F [8] 00 17 00 00 00 00 35 00
(1771612261.886453) can1 0000296F [8] 00 17 00 00 00 00 35 00
(1771612261.906441) can1 0000296F [8] 00 17 00 00 00 00 35 00
(1771612261.926441) can1 0000296F [8] 00 17 00 00 00 00 35 00
(1771612261.946466) can1 0000296F [8] 00 17 00 00 00 00 35 00
(1771612261.966476) can1 0000296F [8] 00 17 00 00 00 00 35 00
(1771612261.986406) can1 0000296F [8] 00 17 00 00 00 00 35 00
(1771612262.006465) can1 0000296F [8] 00 17 00 00 00 00 35 00
(1771612262.026415) can1 0000296F [8] 00 17 00 00 00 00 35 00
(1771612262.046410) can1 0000296F [8] 00 17 00 00 00 00 35 00
(1771612262.066401) can1 0000296F [8] 00 17 FF FF 00 00 35 00
(1771612262.086432) can1 0000296F [8] 00 17 FF FF 00 00 35 00
(1771612262.106473) can1 0000296F [8] 00 17 00 00 00 00 35 00
(1771612262.126411) can1 0000296F [8] 00 17 00 00 00 00 35 00
(1771612262.146401) can1 0000296F [8] 00 17 FF FF 00 00 35 00
(1771612262.166472) can1 0000296F [8] 00 17 00 00 00 00 35 00
(1771612262.186470) can1 0000296F [8] 00 17 00 00 00 00 35 00
(1771612262.206483) can1 0000296F [8] 00 17 00 00 00 00 35 00
(1771612262.226496) can1 0000296F [8] 00 17 00 00 00 00 35 00
(1771612262.246494) can1 0000296F [8] 00 17 00 00 00 00 35 00
(1771612262.266420) can1 0000296F [8] 00 17 00 00 00 00 35 00
(1771612262.286405) can1 0000296F [8] 00 17 00 01 00 00 35 00
(1771612262.306482) can1 0000296F [8] 00 17 00 00 00 00 35 00
(1771612262.326510) can1 0000296F [8] 00 17 00 00 00 00 35 00
(1771612262.346524) can1 0000296F [8] 00 17 00 00 00 00 35 00
(1771612262.366508) can1 0000296F [8] 00 17 00 00 00 00 35 00
(1771612262.386418) can1 0000296F [8] 00 17 00 00 00 00 35 00
(1771612262.406402) can1 0000296F [8] 00 17 00 00 00 00 35 00
(1771612262.426412) can1 0000296F [8] 00 17 00 00 00 00 35 00
(1771612262.446411) can1 0000296F [8] 00 17 00 00 00 00 35 00
(1771612262.466412) can1 0000296F [8] 00 17 00 00 00 00 35 00
(1771612262.486408) can1 0000296F [8] 00 17 00 01 00 00 35 00
(1771612262.506415) can1 0000296F [8] 00 17 00 00 00 00 35 00
(1771612262.526417) can1 0000296F [8] 00 17 00 00 00 00 35 00
(1771612262.546421) can1 0000296F [8] 00 17 00 00 00 00 35 00
(1771612262.566407) can1 0000296F [8] 00 17 00 00 00 00 35 00
(1771612262.586481) can1 0000296F [8] 00 17 00 00 00 00 35 00
(1771612262.606407) can1 0000296F [8] 00 17 00 00 00 00 35 00
(1771612262.626476) can1 0000296F [8] 00 17 00 00 00 00 35 00
(1771612262.646503) can1 0000296F [8] 00 17 00 00 00 00 35 00
(1771612262.666416) can1 0000296F [8] 00 17 00 00 00 00 35 00
(1771612262.686477) can1 0000296F [8] 00 17 00 00 00 00 35 00
(1771612262.706409) can1 0000296F [8] 00 17 00 00 00 00 35 00
(1771612262.726491) can1 0000296F [8] 00 17 00 00 00 00 35 00
(1771612262.746497) can1 0000296F [8] 00 17 00 00 00 00 35 00
(1771612262.766420) can1 0000296F [8] 00 17 00 00 00 00 35 00
(1771612262.786416) can1 0000296F [8] 00 17 00 00 00 00 35 00
(1771612262.806405) can1 0000296F [8] 00 17 00 00 00 00 35 00
(1771612262.826496) can1 0000296F [8] 00 17 00 00 00 00 35 00
(1771612262.846416) can1 0000296F [8] 00 17 00 00 00 00 35 00
(1771612262.866445) can1 0000296F [8] 00 17 00 00 00 00 35 00
(1771612262.886455) can1 0000296F [8] 00 17 00 00 00 00 35 00
(1771612262.906408) can1 0000296F [8] 00 17 00 00 00 00 35 00
(1771612262.926471) can1 0000296F [8] 00 17 00 00 00 00 35 00
(1771612262.946415) can1 0000296F [8] 00 17 00 01 00 00 35 00
(1771612262.966408) can1 0000296F [8] 00 17 00 00 00 00 35 00
(1771612262.986420) can1 0000296F [8] 00 17 00 00 00 00 35 00
(1771612263.006420) can1 0000296F [8] 00 17 00 00 00 00 35 00
(1771612263.026412) can1 0000296F [8] 00 17 00 00 00 00 35 00
(1771612263.046487) can1 0000296F [8] 00 17 00 00 00 00 35 00
(1771612263.066415) can1 0000296F [8] 00 17 FF FF 00 00 35 00
(1771612263.086404) can1 0000296F [8] 00 17 00 00 00 00 35 00
(1771612263.106485) can1 0000296F [8] 00 17 00 00 00 00 35 00
(1771612263.126486) can1 0000296F [8] 00 17 00 00 00 00 35 00
(1771612263.146484) can1 0000296F [8] 00 17 00 00 00 00 35 00
(1771612263.166413) can1 0000296F [8] 00 17 00 00 00 00 35 00
(1771612263.186401) can1 0000296F [8] 00 17 00 00 00 00 35 00
(1771612263.206478) can1 0000296F [8] 00 17 00 00 00 00 35 00
(1771612263.226480) can1 0000296F [8] 00 17 00 00 00 00 35 00
(1771612263.246487) can1 0000296F [8] 00 17 00 00 00 00 35 00
(1771612263.266494) can1 0000296F [8] 00 17 00 00 00 00 35 00
(1771612263.286415) can1 0000296F [8] 00 17 00 00 00 00 35 00
(1771612263.306416) can1 0000296F [8] 00 17 00 00 00 00 35 00
(1771612263.326473) can1 0000296F [8] 00 17 00 00 00 00 35 00
(1771612263.346474) can1 0000296F [8] 00 17 00 00 00 00 35 00
(1771612263.366483) can1 0000296F [8] 00 17 00 00 00 00 35 00
(1771612263.386475) can1 0000296F [8] 00 17 00 00 00 00 35 00
(1771612263.406443) can1 0000296F [8] 00 17 00 00 00 00 35 00
(1771612263.426473) can1 0000296F [8] 00 17 00 00 00 00 35 00
(1771612263.446412) can1 0000296F [8] 00 17 00 00 00 00 35 00
(1771612263.466483) can1 0000296F [8] 00 17 00 00 00 00 35 00
(1771612263.486402) can1 0000296F [8] 00 17 00 00 00 00 35 00
(1771612263.506481) can1 0000296F [8] 00 17 00 00 00 00 35 00
(1771612263.526418) can1 0000296F [8] 00 17 00 00 00 00 35 00
(1771612263.546412) can1 0000296F [8] 00 17 00 00 00 00 35 00
(1771612263.566483) can1 0000296F [8] 00 17 00 00 00 00 35 00
(1771612263.586482) can1 0000296F [8] 00 17 00 01 00 00 35 00
(1771612263.606480) can1 0000296F [8] 00 17 00 00 00 00 35 00
(1771612263.626465) can1 0000296F [8] 00 17 00 00 00 00 35 00
(1771612263.646477) can1 0000296F [8] 00 17 00 00 00 00 35 00
(1771612263.666487) can1 0000296F [8] 00 17 00 00 00 00 35 00
(1771612263.686480) can1 0000296F [8] 00 17 00 00 00 00 35 00
(1771612263.706469) can1 0000296F [8] 00 17 00 00 00 00 35 00
(1771612263.726473) can1 0000296F [8] 00 17 00 00 00 00 35 00
(1771612263.746485) can1 0000296F [8] 00 17 00 00 00 00 35 00
(1771612263.766448) can1 0000296F [8] 00 17 00 00 00 00 35 00
(1771612263.786394) can1 0000296F [8] 00 17 00 00 00 00 35 00
(1771612263.806481) can1 0000296F [8] 00 17 00 00 00 00 35 00
(1771612263.826401) can1 0000296F [8] 00 17 00 00 00 00 35 00
(1771612263.846469) can1 0000296F [8] 00 17 00 00 00 00 35 00
(1771612263.866412) can1 0000296F [8] 00 17 00 00 00 00 35 00
(1771612263.886404) can1 0000296F [8] 00 17 00 01 00 00 35 00
(1771612263.906394) can1 0000296F [8] 00 17 00 00 00 00 35 00
(1771612263.926480) can1 0000296F [8] 00 17 00 00 00 00 35 00
(1771612263.946405) can1 0000296F [8] 00 17 00 00 00 00 35 00
(1771612263.966483) can1 0000296F [8] 00 17 00 00 00 00 35 00
(1771612263.986473) can1 0000296F [8] 00 17 FF FF 00 00 35 00
(1771612264.006417) can1 0000296F [8] 00 17 00 00 00 00 35 00
(1771612264.026391) can1 0000296F [8] 00 17 00 01 00 00 35 00
(1771612264.046473) can1 0000296F [8] 00 17 00 00 00 00 35 00
(1771612264.066401) can1 0000296F [8] 00 17 00 00 00 00 35 00
(1771612264.086387) can1 0000296F [8] 00 17 00 00 00 00 35 00
(1771612264.106472) can1 0000296F [8] 00 17 00 00 00 00 35 00
(1771612264.126402) can1 0000296F [8] 00 17 00 00 00 00 35 00
(1771612264.146388) can1 0000296F [8] 00 17 00 00 00 00 35 00
(1771612264.166471) can1 0000296F [8] 00 17 00 00 00 00 35 00
(1771612264.186397) can1 0000296F [8] 00 17 00 00 00 00 35 00
(1771612264.206386) can1 0000296F [8] 00 17 00 00 00 00 35 00
(1771612264.226433) can1 0000296F [8] 00 17 00 00 00 00 35 00
(1771612264.246464) can1 0000296F [8] 00 17 00 00 00 00 35 00
(1771612264.266474) can1 0000296F [8] 00 17 00 00 00 00 35 00
(1771612264.286478) can1 0000296F [8] 00 17 00 01 00 00 35 00
(1771612264.306402) can1 0000296F [8] 00 17 00 00 00 00 35 00
(1771612264.326385) can1 0000296F [8] 00 17 00 00 00 00 35 00
(1771612264.346471) can1 0000296F [8] 00 17 00 00 00 00 35 00
(1771612264.366472) can1 0000296F [8] 00 17 00 00 00 00 35 00
(1771612264.386397) can1 0000296F [8] 00 17 00 00 00 00 35 00
(1771612264.406471) can1 0000296F [8] 00 17 00 00 00 00 35 00
(1771612264.426464) can1 0000296F [8] 00 17 00 00 00 00 35 00
(1771612264.446392) can1 0000296F [8] 00 17 00 00 00 00 35 00
(1771612264.466470) can1 0000296F [8] 00 17 00 00 00 00 35 00
(1771612264.486393) can1 0000296F [8] 00 17 FF FF 00 00 35 00
(1771612264.506458) can1 0000296F [8] 00 17 00 00 00 00 35 00
(1771612264.526446) can1 0000296F [8] 00 17 00 00 00 00 35 00
(1771612264.546468) can1 0000296F [8] 00 17 00 00 00 00 35 00
(1771612264.566463) can1 0000296F [8] 00 17 00 00 00 00 35 00
(1771612264.586400) can1 0000296F [8] 00 17 00 00 00 00 35 00
(1771612264.606397) can1 0000296F [8] 00 17 00 00 00 00 35 00
(1771612264.626385) can1 0000296F [8] 00 17 00 00 00 00 35 00
(1771612264.646470) can1 0000296F [8] 00 17 00 00 00 00 35 00
(1771612264.666396) can1 0000296F [8] 00 17 00 00 00 00 35 00
(1771612264.686399) can1 0000296F [8] 00 17 00 00 00 00 35 00
(1771612264.706468) can1 0000296F [8] 00 17 00 00 00 00 35 00
(1771612264.726394) can1 0000296F [8] 00 17 00 00 00 00 35 00
(1771612264.746382) can1 0000296F [8] 00 17 00 00 00 00 35 00
(1771612264.766396) can1 0000296F [8] 00 17 00 00 00 00 35 00
(1771612264.786474) can1 0000296F [8] 00 17 00 00 00 00 35 00
(1771612264.806406) can1 0000296F [8] 00 17 00 01 00 00 35 00
(1771612264.826395) can1 0000296F [8] 00 17 00 00 00 00 35 00
(1771612264.846380) can1 0000296F [8] 00 17 00 00 00 00 35 00
(1771612264.866391) can1 0000296F [8] 00 17 00 00 00 00 35 00
(1771612264.886469) can1 0000296F [8] 00 17 00 00 00 00 35 00
(1771612264.906394) can1 0000296F [8] 00 17 00 00 00 00 35 00
(1771612264.926376) can1 0000296F [8] 00 17 00 00 00 00 35 00
(1771612264.946462) can1 0000296F [8] 00 17 00 00 00 00 35 00
(1771612264.966463) can1 0000296F [8] 00 17 00 00 00 00 35 00
(1771612264.986394) can1 0000296F [8] 00 17 00 00 00 00 35 00
(1771612265.006448) can1 0000296F [8] 00 17 00 00 00 00 35 00
(1771612265.026467) can1 0000296F [8] 00 17 00 00 00 00 35 00
(1771612265.046472) can1 0000296F [8] 00 17 00 00 00 00 35 00
(1771612265.066380) can1 0000296F [8] 00 17 00 00 00 00 35 00
(1771612265.086465) can1 0000296F [8] 00 17 00 00 00 00 35 00
(1771612265.106388) can1 0000296F [8] 00 17 00 01 00 00 35 00
(1771612265.126375) can1 0000296F [8] 00 17 00 00 00 00 35 00
(1771612265.146390) can1 0000296F [8] 00 17 00 00 00 00 35 00
(1771612265.166373) can1 0000296F [8] 00 17 00 00 00 00 35 00
(1771612265.186450) can1 0000296F [8] 00 17 00 00 00 00 35 00
(1771612265.206460) can1 0000296F [8] 00 17 00 00 00 00 35 00
(1771612265.226392) can1 0000296F [8] 00 17 00 00 00 00 35 00
(1771612265.246450) can1 0000296F [8] 00 17 00 00 00 00 35 00
(1771612265.266451) can1 0000296F [8] 00 17 00 00 00 00 35 00
(1771612265.286466) can1 0000296F [8] 00 17 00 00 00 00 35 00
(1771612265.306519) can1 0000296F [8] 00 17 00 00 00 00 35 00
(1771612265.326469) can1 0000296F [8] 00 17 00 00 00 00 35 00
(1771612265.346394) can1 0000296F [8] 00 17 00 00 00 00 35 00
(1771612265.366447) can1 0000296F [8] 00 17 00 00 00 00 35 00
(1771612265.386474) can1 0000296F [8] 00 17 00 00 00 00 35 00
(1771612265.406464) can1 0000296F [8] 00 17 00 00 00 00 35 00
(1771612265.426378) can1 0000296F [8] 00 17 00 00 00 00 35 00
(1771612265.446370) can1 0000296F [8] 00 17 00 00 00 00 35 00
(1771612265.466371) can1 0000296F [8] 00 17 00 00 00 00 35 00
(1771612265.486376) can1 0000296F [8] 00 17 00 00 00 00 35 00
(1771612265.506373) can1 0000296F [8] 00 17 00 00 00 00 35 00
(1771612265.526379) can1 0000296F [8] 00 17 00 01 00 00 35 00
(1771612265.546374) can1 0000296F [8] 00 17 00 00 00 00 35 00
(1771612265.566384) can1 0000296F [8] 00 17 00 00 00 00 35 00
(1771612265.586375) can1 0000296F [8] 00 17 00 00 00 00 35 00
(1771612265.606468) can1 0000296F [8] 00 17 00 00 00 00 35 00
(1771612265.626371) can1 0000296F [8] 00 17 00 00 00 00 35 00
(1771612265.646445) can1 0000296F [8] 00 17 00 00 00 00 35 00
(1771612265.666373) can1 0000296F [8] 00 17 00 00 00 00 35 00
(1771612265.686366) can1 0000296F [8] 00 17 00 00 00 00 35 00
(1771612265.706449) can1 0000296F [8] 00 17 00 00 00 00 35 00
(1771612265.726375) can1 0000296F [8] 00 17 00 00 00 00 35 00
(1771612265.746363) can1 0000296F [8] 00 17 00 00 00 00 35 00
(1771612265.766370) can1 0000296F [8] 00 17 00 00 00 00 35 00
(1771612265.786370) can1 0000296F [8] 00 17 00 00 00 00 35 00
(1771612265.806376) can1 0000296F [8] 00 17 00 00 00 00 35 00
(1771612265.826378) can1 0000296F [8] 00 17 00 00 00 00 35 00
(1771612265.846458) can1 0000296F [8] 00 17 00 00 00 00 35 00
(1771612265.866372) can1 0000296F [8] 00 17 00 01 00 00 35 00
(1771612265.886363) can1 0000296F [8] 00 17 FF FF 00 00 35 00
(1771612265.906370) can1 0000296F [8] 00 17 00 00 00 00 35 00
(1771612265.926371) can1 0000296F [8] 00 17 00 01 00 00 35 00
(1771612265.946370) can1 0000296F [8] 00 17 00 00 00 00 35 00
(1771612265.966368) can1 0000296F [8] 00 17 00 01 00 00 35 00
(1771612265.986369) can1 0000296F [8] 00 17 00 00 00 00 35 00
(1771612266.006371) can1 0000296F [8] 00 17 00 00 00 00 35 00
(1771612266.026369) can1 0000296F [8] 00 17 00 00 00 00 35 00
(1771612266.046369) can1 0000296F [8] 00 17 00 00 00 00 35 00
(1771612266.066363) can1 0000296F [8] 00 17 00 00 00 00 35 00
(1771612266.086378) can1 0000296F [8] 00 17 00 00 00 00 35 00
(1771612266.106370) can1 0000296F [8] 00 17 FF FF 00 00 35 00
(1771612266.126367) can1 0000296F [8] 00 17 00 00 00 00 35 00
(1771612266.146366) can1 0000296F [8] 00 17 00 00 00 00 35 00
(1771612266.166359) can1 0000296F [8] 00 17 00 00 00 00 35 00
(1771612266.186366) can1 0000296F [8] 00 17 00 00 00 00 35 00
(1771612266.206365) can1 0000296F [8] 00 17 00 00 00 00 35 00
(1771612266.226376) can1 0000296F [8] 00 17 00 00 00 00 35 00
(1771612266.246367) can1 0000296F [8] 00 17 00 00 00 00 35 00
(1771612266.266361) can1 0000296F [8] 00 17 00 00 00 00 35 00
(1771612266.286369) can1 0000296F [8] 00 17 00 00 00 00 35 00
(1771612266.306363) can1 0000296F [8] 00 17 00 00 00 00 35 00
(1771612266.326370) can1 0000296F [8] 00 17 00 00 00 00 35 00
(1771612266.346447) can1 0000296F [8] 00 17 00 00 00 00 35 00
(1771612266.366441) can1 0000296F [8] 00 17 00 00 00 00 35 00
(1771612266.386429) can1 0000296F [8] 00 17 00 00 00 00 35 00
(1771612266.406442) can1 0000296F [8] 00 17 00 00 00 00 35 00
(1771612266.426376) can1 0000296F [8] 00 17 00 00 00 00 35 00
(1771612266.446444) can1 0000296F [8] 00 17 00 00 00 00 35 00
(1771612266.466456) can1 0000296F [8] 00 17 00 00 00 00 35 00
(1771612266.486435) can1 0000296F [8] 00 17 00 00 00 00 35 00
(1771612266.506447) can1 0000296F [8] 00 17 00 00 00 00 35 00
(1771612266.526449) can1 0000296F [8] 00 17 00 00 00 00 35 00
(1771612266.546442) can1 0000296F [8] 00 17 00 00 00 00 35 00
(1771612266.566444) can1 0000296F [8] 00 17 00 00 00 00 35 00
(1771612266.586381) can1 0000296F [8] 00 17 00 00 00 00 35 00
(1771612266.606431) can1 0000296F [8] 00 17 00 00 00 00 35 00
(1771612266.626443) can1 0000296F [8] 00 17 00 00 00 00 35 00
(1771612266.646442) can1 0000296F [8] 00 17 00 00 00 00 35 00
(1771612266.666437) can1 0000296F [8] 00 17 00 00 00 00 35 00
(1771612266.686428) can1 0000296F [8] 00 17 00 00 00 00 35 00
(1771612266.706439) can1 0000296F [8] 00 17 00 00 00 00 35 00
(1771612266.726403) can1 0000296F [8] 00 17 00 00 00 00 35 00
(1771612266.746432) can1 0000296F [8] 00 17 00 00 00 00 35 00
(1771612266.766434) can1 0000296F [8] 00 17 00 00 00 00 35 00
(1771612266.786372) can1 0000296F [8] 00 17 00 01 00 00 35 00
(1771612266.806419) can1 0000296F [8] 00 17 00 00 00 00 35 00
(1771612266.826447) can1 0000296F [8] 00 17 00 00 00 00 35 00
(1771612266.846446) can1 0000296F [8] 00 17 00 00 00 00 35 00
(1771612266.866435) can1 0000296F [8] 00 17 00 00 00 00 35 00
(1771612266.886436) can1 0000296F [8] 00 17 00 00 00 00 35 00
(1771612266.906427) can1 0000296F [8] 00 17 00 00 00 00 35 00
(1771612266.926439) can1 0000296F [8] 00 17 00 00 00 00 35 00
(1771612266.946433) can1 0000296F [8] 00 17 FF FF 00 00 35 00
(1771612266.966424) can1 0000296F [8] 00 17 00 00 00 00 35 00
(1771612266.986434) can1 0000296F [8] 00 17 00 01 00 00 35 00
(1771612267.006432) can1 0000296F [8] 00 17 00 00 00 00 35 00
(1771612267.026359) can1 0000296F [8] 00 17 00 00 00 00 35 00
(1771612267.046366) can1 0000296F [8] 00 17 00 01 00 00 35 00
(1771612267.066443) can1 0000296F [8] 00 17 00 00 00 00 35 00
(1771612267.086377) can1 0000296F [8] 00 17 00 00 00 00 35 00
(1771612267.106429) can1 0000296F [8] 00 17 00 00 00 00 35 00
(1771612267.126367) can1 0000296F [8] 00 17 00 00 00 00 35 00
(1771612267.146368) can1 0000296F [8] 00 17 00 00 00 00 35 00
(1771612267.166362) can1 0000296F [8] 00 17 00 00 00 00 35 00
(1771612267.186423) can1 0000296F [8] 00 17 00 00 00 00 35 00
(1771612267.206355) can1 0000296F [8] 00 17 00 00 00 00 35 00
(1771612267.226443) can1 0000296F [8] 00 17 00 00 00 00 35 00
(1771612267.246436) can1 0000296F [8] 00 17 00 00 00 00 35 00
(1771612267.266442) can1 0000296F [8] 00 17 00 00 00 00 35 00
(1771612267.286427) can1 0000296F [8] 00 17 00 00 00 00 35 00
(1771612267.306437) can1 0000296F [8] 00 17 00 00 00 00 35 00
(1771612267.326443) can1 0000296F [8] 00 17 00 00 00 00 35 00
(1771612267.346442) can1 0000296F [8] 00 17 00 00 00 00 35 00
(1771612267.366440) can1 0000296F [8] 00 17 00 00 00 00 35 00
(1771612267.386363) can1 0000296F [8] 00 17 00 00 00 00 35 00
(1771612267.406348) can1 0000296F [8] 00 17 00 00 00 00 35 00
(1771612267.426364) can1 0000296F [8] 00 17 00 00 00 00 35 00
(1771612267.446360) can1 0000296F [8] 00 17 00 00 00 00 35 00
(1771612267.466352) can1 0000296F [8] 00 17 00 00 00 00 35 00
(1771612267.486430) can1 0000296F [8] 00 17 00 01 00 00 35 00
(1771612267.506358) can1 0000296F [8] 00 17 00 00 00 00 35 00
(1771612267.526357) can1 0000296F [8] 00 17 FF FF 00 00 35 00
(1771612267.546353) can1 0000296F [8] 00 17 00 00 00 00 35 00
(1771612267.566363) can1 0000296F [8] 00 17 00 00 00 00 35 00
(1771612267.586355) can1 0000296F [8] 00 17 00 00 00 00 35 00
(1771612267.606363) can1 0000296F [8] 00 17 00 00 00 00 35 00
(1771612267.626348) can1 0000296F [8] 00 17 00 00 00 00 35 00
(1771612267.646352) can1 0000296F [8] 00 17 00 00 00 00 35 00
(1771612267.666358) can1 0000296F [8] 00 17 00 00 00 00 35 00
(1771612267.686354) can1 0000296F [8] 00 17 00 00 00 00 35 00
(1771612267.706353) can1 0000296F [8] 00 17 00 00 00 00 35 00
(1771612267.726349) can1 0000296F [8] 00 17 00 00 00 00 35 00
(1771612267.746361) can1 0000296F [8] 00 17 00 00 00 00 35 00
(1771612267.766355) can1 0000296F [8] 00 17 00 00 00 00 35 00
(1771612267.786361) can1 0000296F [8] 00 17 00 00 00 00 35 00
(1771612267.806348) can1 0000296F [8] 00 17 00 00 00 00 35 00
(1771612267.826353) can1 0000296F [8] 00 17 00 01 00 00 35 00
(1771612267.846360) can1 0000296F [8] 00 17 00 00 00 00 35 00
(1771612267.866357) can1 0000296F [8] 00 17 00 00 00 00 35 00
(1771612267.886354) can1 0000296F [8] 00 17 00 00 00 00 35 00
(1771612267.906349) can1 0000296F [8] 00 17 FF FF 00 00 35 00
(1771612267.926345) can1 0000296F [8] 00 17 00 00 00 00 35 00
(1771612267.946424) can1 0000296F [8] 00 17 00 00 00 00 35 00
(1771612267.966423) can1 0000296F [8] 00 17 00 00 00 00 35 00
(1771612267.986347) can1 0000296F [8] 00 17 00 00 00 00 35 00
(1771612268.006348) can1 0000296F [8] 00 17 00 00 00 00 35 00
(1771612268.026342) can1 0000296F [8] 00 17 00 00 00 00 35 00
(1771612268.046363) can1 0000296F [8] 00 17 00 00 00 00 35 00
(1771612268.066431) can1 0000296F [8] 00 17 00 00 00 00 35 00
(1771612268.086353) can1 0000296F [8] 00 17 00 00 00 00 35 00
(1771612268.106424) can1 0000296F [8] 00 17 00 00 00 00 35 00
(1771612268.126360) can1 0000296F [8] 00 17 00 00 00 00 35 00
(1771612268.146349) can1 0000296F [8] 00 17 00 00 00 00 35 00
(1771612268.166424) can1 0000296F [8] 00 17 00 00 00 00 35 00
(1771612268.186350) can1 0000296F [8] 00 17 00 00 00 00 35 00
(1771612268.206418) can1 0000296F [8] 00 17 00 00 00 00 35 00
(1771612268.226418) can1 0000296F [8] 00 17 00 00 00 00 35 00
(1771612268.246354) can1 0000296F [8] 00 17 00 00 00 00 35 00
(1771612268.266425) can1 0000296F [8] 00 17 00 00 00 00 35 00
(1771612268.286352) can1 0000296F [8] 00 17 00 00 00 00 35 00
(1771612268.306346) can1 0000296F [8] 00 17 00 00 00 00 35 00
(1771612268.326423) can1 0000296F [8] 00 17 00 00 00 00 35 00
(1771612268.346424) can1 0000296F [8] 00 17 00 00 00 00 35 00
(1771612268.366430) can1 0000296F [8] 00 17 00 00 00 00 35 00
(1771612268.386431) can1 0000296F [8] 00 17 00 00 00 00 35 00
(1771612268.406426) can1 0000296F [8] 00 17 00 00 00 00 35 00
(1771612268.426345) can1 0000296F [8] 00 17 00 00 00 00 35 00
(1771612268.446343) can1 0000296F [8] 00 17 00 00 00 00 35 00
(1771612268.466357) can1 0000296F [8] 00 17 00 00 00 00 35 00
(1771612268.486344) can1 0000296F [8] 00 17 00 00 00 00 35 00
(1771612268.506344) can1 0000296F [8] 00 17 00 00 00 00 35 00
(1771612268.526430) can1 0000296F [8] 00 17 00 00 00 00 35 00
(1771612268.546417) can1 0000296F [8] 00 17 00 00 00 00 35 00
(1771612268.566348) can1 0000296F [8] 00 17 00 00 00 00 35 00
(1771612268.586348) can1 0000296F [8] 00 17 00 00 00 00 35 00
(1771612268.606338) can1 0000296F [8] 00 17 00 00 00 00 35 00
(1771612268.626420) can1 0000296F [8] 00 17 00 00 00 00 35 00
(1771612268.646402) can1 0000296F [8] 00 17 00 00 00 00 35 00
(1771612268.666425) can1 0000296F [8] 00 17 00 00 00 00 35 00
(1771612268.686348) can1 0000296F [8] 00 17 00 00 00 00 35 00
(1771612268.706346) can1 0000296F [8] 00 17 00 00 00 00 35 00
(1771612268.726347) can1 0000296F [8] 00 17 00 00 00 00 35 00
(1771612268.746336) can1 0000296F [8] 00 17 FF FF 00 00 35 00
(1771612268.766423) can1 0000296F [8] 00 17 00 00 00 00 35 00
(1771612268.786346) can1 0000296F [8] 00 17 00 00 00 00 35 00
(1771612268.806413) can1 0000296F [8] 00 17 FF FF 00 00 35 00
(1771612268.826345) can1 0000296F [8] 00 17 00 00 00 00 35 00
(1771612268.846338) can1 0000296F [8] 00 17 FF FF 00 00 35 00
(1771612268.866418) can1 0000296F [8] 00 17 00 00 00 00 35 00
(1771612268.886420) can1 0000296F [8] 00 17 00 00 00 00 35 00
(1771612268.906351) can1 0000296F [8] 00 17 00 00 00 00 35 00
(1771612268.926420) can1 0000296F [8] 00 17 00 00 00 00 35 00
(1771612268.946336) can1 0000296F [8] 00 17 00 00 00 00 35 00
(1771612268.966413) can1 0000296F [8] 00 17 00 00 00 00 35 00
(1771612268.986416) can1 0000296F [8] 00 17 00 01 00 00 35 00
(1771612269.006412) can1 0000296F [8] 00 17 00 00 00 00 35 00
(1771612269.026379) can1 0000296F [8] 00 17 00 00 00 00 35 00
(1771612269.046401) can1 0000296F [8] 00 17 00 00 00 00 35 00
(1771612269.066422) can1 0000296F [8] 00 17 00 00 00 00 35 00
(1771612269.086418) can1 0000296F [8] 00 17 00 00 00 00 35 00
(1771612269.106420) can1 0000296F [8] 00 17 00 00 00 00 35 00
(1771612269.126413) can1 0000296F [8] 00 17 00 00 00 00 35 00
(1771612269.146417) can1 0000296F [8] 00 17 00 00 00 00 35 00
(1771612269.166421) can1 0000296F [8] 00 17 00 00 00 00 35 00
(1771612269.186417) can1 0000296F [8] 00 17 00 00 00 00 35 00
(1771612269.206418) can1 0000296F [8] 00 17 00 00 00 00 35 00
(1771612269.226408) can1 0000296F [8] 00 17 00 00 00 00 35 00
(1771612269.246408) can1 0000296F [8] 00 17 00 00 00 00 35 00
(1771612269.266375) can1 0000296F [8] 00 17 00 00 00 00 35 00
(1771612269.286408) can1 0000296F [8] 00 17 00 00 00 00 35 00
(1771612269.306412) can1 0000296F [8] 00 17 00 00 00 00 35 00
(1771612269.326410) can1 0000296F [8] 00 17 00 00 00 00 35 00
(1771612269.346335) can1 0000296F [8] 00 17 FF FF 00 00 35 00
(1771612269.366415) can1 0000296F [8] 00 17 00 00 00 00 35 00
(1771612269.386420) can1 0000296F [8] 00 17 00 00 00 00 35 00
(1771612269.406410) can1 0000296F [8] 00 17 00 00 00 00 35 00
(1771612269.426414) can1 0000296F [8] 00 17 00 00 00 00 35 00
(1771612269.446410) can1 0000296F [8] 00 17 00 00 00 00 35 00
(1771612269.466331) can1 0000296F [8] 00 17 00 00 00 00 35 00
(1771612269.486414) can1 0000296F [8] 00 17 00 00 00 00 35 00
(1771612269.506409) can1 0000296F [8] 00 17 00 00 00 00 35 00
(1771612269.526405) can1 0000296F [8] 00 17 00 00 00 00 35 00
(1771612269.546409) can1 0000296F [8] 00 17 00 00 00 00 35 00
(1771612269.566401) can1 0000296F [8] 00 17 00 00 00 00 35 00
(1771612269.586411) can1 0000296F [8] 00 17 00 00 00 00 35 00
(1771612269.606342) can1 0000296F [8] 00 17 00 00 00 00 35 00
(1771612269.626407) can1 0000296F [8] 00 17 00 00 00 00 35 00
(1771612269.646336) can1 0000296F [8] 00 17 00 00 00 00 35 00
(1771612269.666408) can1 0000296F [8] 00 17 00 00 00 00 35 00
(1771612269.686342) can1 0000296F [8] 00 17 00 00 00 00 35 00
(1771612269.706411) can1 0000296F [8] 00 17 00 00 00 00 35 00
(1771612269.726408) can1 0000296F [8] 00 17 00 00 00 00 35 00
(1771612269.746400) can1 0000296F [8] 00 17 00 00 00 00 35 00
(1771612269.766399) can1 0000296F [8] 00 17 00 00 00 00 35 00
(1771612269.786410) can1 0000296F [8] 00 17 00 00 00 00 35 00
(1771612269.806401) can1 0000296F [8] 00 17 00 00 00 00 35 00
(1771612269.826398) can1 0000296F [8] 00 17 00 00 00 00 35 00
(1771612269.846339) can1 0000296F [8] 00 17 00 00 00 00 35 00
(1771612269.866401) can1 0000296F [8] 00 17 00 00 00 00 35 00
(1771612269.886321) can1 0000296F [8] 00 17 00 00 00 00 35 00
(1771612269.906409) can1 0000296F [8] 00 17 00 00 00 00 35 00
(1771612269.926404) can1 0000296F [8] 00 17 00 00 00 00 35 00
(1771612269.946334) can1 0000296F [8] 00 17 00 00 00 00 35 00
(1771612269.966327) can1 0000296F [8] 00 17 00 00 00 00 35 00
(1771612269.986407) can1 0000296F [8] 00 17 00 00 00 00 35 00
(1771612270.006407) can1 0000296F [8] 00 17 00 00 00 00 35 00
(1771612270.026404) can1 0000296F [8] 00 17 00 00 00 00 35 00
(1771612270.046406) can1 0000296F [8] 00 17 00 00 00 00 35 00
(1771612270.066332) can1 0000296F [8] 00 17 00 00 00 00 35 00
(1771612270.086391) can1 0000296F [8] 00 17 00 00 00 00 35 00
(1771612270.106402) can1 0000296F [8] 00 17 00 00 00 00 35 00
(1771612270.126405) can1 0000296F [8] 00 17 FF FF 00 00 35 00
(1771612270.146403) can1 0000296F [8] 00 17 00 00 00 00 35 00
(1771612270.166404) can1 0000296F [8] 00 17 00 00 00 00 35 00
(1771612270.186400) can1 0000296F [8] 00 17 00 00 00 00 35 00
(1771612270.206411) can1 0000296F [8] 00 17 00 00 00 00 35 00
(1771612270.226397) can1 0000296F [8] 00 17 00 00 00 00 35 00
(1771612270.246332) can1 0000296F [8] 00 17 00 00 00 00 35 00
(1771612270.266343) can1 0000296F [8] 00 17 00 00 00 00 35 00
(1771612270.286394) can1 0000296F [8] 00 17 00 00 00 00 35 00
(1771612270.306400) can1 0000296F [8] 00 17 00 00 00 00 35 00
(1771612270.326403) can1 0000296F [8] 00 17 00 00 00 00 35 00
(1771612270.346359) can1 0000296F [8] 00 17 00 00 00 00 35 00
(1771612270.366319) can1 0000296F [8] 00 17 00 01 00 00 35 00
(1771612270.386388) can1 0000296F [8] 00 17 00 00 00 00 35 00
(1771612270.406403) can1 0000296F [8] 00 17 00 00 00 00 35 00
(1771612270.426326) can1 0000296F [8] 00 17 00 01 00 00 35 00
(1771612270.446332) can1 0000296F [8] 00 17 00 00 00 00 35 00
(1771612270.466402) can1 0000296F [8] 00 17 00 00 00 00 35 00
(1771612270.486318) can1 0000296F [8] 00 17 00 00 00 00 35 00
(1771612270.506329) can1 0000296F [8] 00 17 00 00 00 00 35 00
(1771612270.526397) can1 0000296F [8] 00 17 00 00 00 00 35 00
(1771612270.546388) can1 0000296F [8] 00 17 00 00 00 00 35 00
(1771612270.566322) can1 0000296F [8] 00 17 00 00 00 00 35 00
(1771612270.586394) can1 0000296F [8] 00 17 00 00 00 00 35 00
(1771612270.606325) can1 0000296F [8] 00 17 00 00 00 00 35 00
(1771612270.626318) can1 0000296F [8] 00 17 00 00 00 00 35 00
(1771612270.646401) can1 0000296F [8] 00 17 00 00 00 00 35 00
(1771612270.666321) can1 0000296F [8] 00 17 00 00 00 00 35 00
(1771612270.686335) can1 0000296F [8] 00 17 00 00 00 00 35 00
(1771612270.706394) can1 0000296F [8] 00 17 00 00 00 00 35 00
(1771612270.726394) can1 0000296F [8] 00 17 00 01 00 00 35 00
(1771612270.746388) can1 0000296F [8] 00 17 00 00 00 00 35 00
(1771612270.766394) can1 0000296F [8] 00 17 00 00 00 00 35 00
(1771612270.786317) can1 0000296F [8] 00 17 00 00 00 00 35 00
(1771612270.806314) can1 0000296F [8] 00 17 00 00 00 00 35 00
(1771612270.826386) can1 0000296F [8] 00 17 00 00 00 00 35 00
(1771612270.846399) can1 0000296F [8] 00 17 00 00 00 00 35 00
(1771612270.866315) can1 0000296F [8] 00 17 00 00 00 00 35 00
(1771612270.886391) can1 0000296F [8] 00 17 00 00 00 00 35 00
(1771612270.906385) can1 0000296F [8] 00 17 FF FF 00 00 35 00
(1771612270.926404) can1 0000296F [8] 00 17 00 00 00 00 35 00
(1771612270.946330) can1 0000296F [8] 00 17 00 00 00 00 35 00
(1771612270.966399) can1 0000296F [8] 00 17 00 00 00 00 35 00
(1771612270.986396) can1 0000296F [8] 00 17 00 00 00 00 35 00
(1771612271.006319) can1 0000296F [8] 00 17 00 00 00 00 35 00
(1771612271.026356) can1 0000296F [8] 00 17 00 00 00 00 35 00
(1771612271.046322) can1 0000296F [8] 00 17 00 00 00 00 35 00
(1771612271.066381) can1 0000296F [8] 00 17 00 00 00 00 35 00
(1771612271.086311) can1 0000296F [8] 00 17 00 00 00 00 35 00
(1771612271.106312) can1 0000296F [8] 00 17 00 00 00 00 35 00
(1771612271.126321) can1 0000296F [8] 00 17 00 00 00 00 35 00
(1771612271.146397) can1 0000296F [8] 00 17 00 00 00 00 35 00
(1771612271.166314) can1 0000296F [8] 00 17 00 00 00 00 35 00
(1771612271.186314) can1 0000296F [8] 00 17 FF FF 00 00 35 00
(1771612271.206322) can1 0000296F [8] 00 17 00 00 00 00 35 00
(1771612271.226356) can1 0000296F [8] 00 17 00 00 00 00 35 00
(1771612271.246307) can1 0000296F [8] 00 17 00 00 00 00 35 00
(1771612271.266306) can1 0000296F [8] 00 17 00 00 00 00 35 00
(1771612271.286296) can1 0000296F [8] 00 17 00 00 00 00 35 00
(1771612271.306299) can1 0000296F [8] 00 17 00 00 00 00 35 00
(1771612271.326332) can1 0000296F [8] 00 17 00 00 00 00 35 00
